method = Zero DBC
N     L2            L2_o          Linf          Linf_o        H1            H1_o          Assembly      Solve         
5     5.575291e-02  0.000000e+00  9.803149e-02  0.000000e+00  9.888636e-01  0.000000e+00  3.171000e-05  1.567700e-05
10    1.390096e-02  2.003863e+00  2.524494e-02  1.957251e+00  4.918671e-01  1.007503e+00  1.064700e-05  1.554300e-05
20    3.473154e-03  2.000866e+00  6.355909e-03  1.989824e+00  2.451653e-01  1.004513e+00  1.892700e-05  4.135400e-05
40    8.681620e-04  2.000210e+00  1.591304e-03  1.997889e+00  1.223743e-01  1.002455e+00  3.672400e-05  1.753960e-04
80    2.170326e-04  2.000052e+00  3.979050e-04  1.999714e+00  6.113304e-02  1.001276e+00  7.164400e-05  1.002466e-03
160   5.425767e-05  2.000013e+00  9.947458e-05  2.000024e+00  3.055276e-02  1.000650e+00  1.414890e-04  6.604309e-03
320   1.356439e-05  2.000003e+00  2.486929e-05  1.999962e+00  1.527291e-02  1.000328e+00  2.851440e-04  1.908960e-02
640   3.391095e-06  2.000001e+00  6.217352e-06  1.999993e+00  7.635582e-03  1.000165e+00  1.873330e-04  1.226013e-01
1280  8.477739e-07  2.000000e+00  1.554339e-06  1.999999e+00  3.817573e-03  1.000083e+00  4.733540e-04  1.084852e+00

method = Zero Average
N     L2            L2_o          Linf          Linf_o        H1            H1_o          Assembly      Solve         
5     4.350805e-02  0.000000e+00  5.861896e-02  0.000000e+00  9.882467e-01  0.000000e+00  2.943700e-05  1.836100e-05
10    1.090834e-02  1.995850e+00  1.553128e-02  1.916191e+00  4.917914e-01  1.006825e+00  1.061300e-05  1.756400e-05
20    2.729121e-03  1.998924e+00  4.038267e-03  1.943368e+00  2.451559e-01  1.004347e+00  1.943100e-05  4.780400e-05
40    6.824065e-04  1.999733e+00  1.027616e-03  1.974435e+00  1.223731e-01  1.002413e+00  3.749700e-05  1.939400e-04
80    1.706094e-04  1.999934e+00  2.590730e-04  1.987871e+00  6.113289e-02  1.001266e+00  7.326500e-05  1.060107e-03
160   4.265284e-05  1.999984e+00  6.503391e-05  1.994095e+00  3.055274e-02  1.000647e+00  1.429380e-04  6.877380e-03
320   1.066324e-05  1.999996e+00  1.629134e-05  1.997087e+00  1.527290e-02  1.000327e+00  2.883210e-04  2.035737e-02
640   2.665812e-06  1.999999e+00  4.076922e-06  1.998553e+00  7.635582e-03  1.000164e+00  1.896260e-04  1.276173e-01
1280  6.664532e-07  2.000000e+00  1.019741e-06  1.999278e+00  3.817573e-03  1.000082e+00  4.773120e-04  1.110321e+00

