Error with 10 elements:
2.006074e-01
2.408707e-01
3.632404e-01
3.507101e-01
3.718547e-01
3.660757e-01
3.081055e-01
2.989802e-01
1.223852e-01
Abs(Error) with 10 elements:
2.006074e-01
2.408707e-01
3.632404e-01
3.507101e-01
3.718547e-01
3.660757e-01
3.081055e-01
2.989802e-01
1.223852e-01
Node Locations: 
1.100000e-01
2.000000e-01
3.100000e-01
4.000000e-01
5.100000e-01
6.000000e-01
7.100000e-01
8.000000e-01
9.100000e-01
L2 Error: 
2.343497e-02
2.133812e-02
1.097459e-02
4.620878e-03
1.780002e-03
6.566801e-04
L2 Order: 
0.000000e+00
1.352298e-01
9.592667e-01
1.247928e+00
1.376288e+00
1.438616e+00
Linf Error: 
3.718547e-01
6.910094e-01
9.852965e-01
1.175112e+00
1.278376e+00
1.332562e+00
Linf Order: 
0.000000e+00
-8.939663e-01
-5.118526e-01
-2.541683e-01
-1.215143e-01
-5.989051e-02
Energy Error: 
2.130452e-01
3.879659e-01
3.990759e-01
3.360638e-01
2.589093e-01
1.910342e-01
NRG Order: 
0.000000e+00
-8.647702e-01
-4.073333e-02
2.479279e-01
3.762882e-01
4.386159e-01
Error with 20 elements:
1.048115e-01
1.501828e-01
2.508192e-01
2.878475e-01
3.842958e-01
4.268024e-01
5.116759e-01
5.583380e-01
6.172086e-01
6.548674e-01
6.753685e-01
6.910094e-01
6.691834e-01
6.566116e-01
5.928418e-01
5.486082e-01
4.353200e-01
3.482653e-01
1.575925e-01
Abs(Error) with 20 elements:
1.048115e-01
1.501828e-01
2.508192e-01
2.878475e-01
3.842958e-01
4.268024e-01
5.116759e-01
5.583380e-01
6.172086e-01
6.548674e-01
6.753685e-01
6.910094e-01
6.691834e-01
6.566116e-01
5.928418e-01
5.486082e-01
4.353200e-01
3.482653e-01
1.575925e-01
Node Locations: 
5.500000e-02
1.000000e-01
1.550000e-01
2.000000e-01
2.550000e-01
3.000000e-01
3.550000e-01
4.000000e-01
4.550000e-01
5.000000e-01
5.550000e-01
6.000000e-01
6.550000e-01
7.000000e-01
7.550000e-01
8.000000e-01
8.550000e-01
9.000000e-01
9.550000e-01
L2 Error: 
2.343497e-02
2.133812e-02
1.097459e-02
4.620878e-03
1.780002e-03
6.566801e-04
L2 Order: 
0.000000e+00
1.352298e-01
9.592667e-01
1.247928e+00
1.376288e+00
1.438616e+00
Linf Error: 
3.718547e-01
6.910094e-01
9.852965e-01
1.175112e+00
1.278376e+00
1.332562e+00
Linf Order: 
0.000000e+00
-8.939663e-01
-5.118526e-01
-2.541683e-01
-1.215143e-01
-5.989051e-02
Energy Error: 
2.130452e-01
3.879659e-01
3.990759e-01
3.360638e-01
2.589093e-01
1.910342e-01
NRG Order: 
0.000000e+00
-8.647702e-01
-4.073333e-02
2.479279e-01
3.762882e-01
4.386159e-01
Error with 40 elements:
5.933389e-02
9.460527e-02
1.542785e-01
1.874018e-01
2.491943e-01
2.842732e-01
3.494251e-01
3.892947e-01
4.573222e-01
5.023464e-01
5.707272e-01
6.187627e-01
6.834917e-01
7.307561e-01
7.873726e-01
8.296496e-01
8.742572e-01
9.079345e-01
9.378840e-01
9.605577e-01
9.746814e-01
9.852965e-01
9.837414e-01
9.823714e-01
9.661526e-01
9.535574e-01
9.239606e-01
9.010474e-01
8.589887e-01
8.262691e-01
7.716985e-01
7.288072e-01
6.602206e-01
6.055441e-01
5.196526e-01
4.501020e-01
3.416904e-01
2.526359e-01
1.146258e-01
Abs(Error) with 40 elements:
5.933389e-02
9.460527e-02
1.542785e-01
1.874018e-01
2.491943e-01
2.842732e-01
3.494251e-01
3.892947e-01
4.573222e-01
5.023464e-01
5.707272e-01
6.187627e-01
6.834917e-01
7.307561e-01
7.873726e-01
8.296496e-01
8.742572e-01
9.079345e-01
9.378840e-01
9.605577e-01
9.746814e-01
9.852965e-01
9.837414e-01
9.823714e-01
9.661526e-01
9.535574e-01
9.239606e-01
9.010474e-01
8.589887e-01
8.262691e-01
7.716985e-01
7.288072e-01
6.602206e-01
6.055441e-01
5.196526e-01
4.501020e-01
3.416904e-01
2.526359e-01
1.146258e-01
Node Locations: 
2.750000e-02
5.000000e-02
7.750000e-02
1.000000e-01
1.275000e-01
1.500000e-01
1.775000e-01
2.000000e-01
2.275000e-01
2.500000e-01
2.775000e-01
3.000000e-01
3.275000e-01
3.500000e-01
3.775000e-01
4.000000e-01
4.275000e-01
4.500000e-01
4.775000e-01
5.000000e-01
5.275000e-01
5.500000e-01
5.775000e-01
6.000000e-01
6.275000e-01
6.500000e-01
6.775000e-01
7.000000e-01
7.275000e-01
7.500000e-01
7.775000e-01
8.000000e-01
8.275000e-01
8.500000e-01
8.775000e-01
9.000000e-01
9.275000e-01
9.500000e-01
9.775000e-01
L2 Error: 
2.343497e-02
2.133812e-02
1.097459e-02
4.620878e-03
1.780002e-03
6.566801e-04
L2 Order: 
0.000000e+00
1.352298e-01
9.592667e-01
1.247928e+00
1.376288e+00
1.438616e+00
Linf Error: 
3.718547e-01
6.910094e-01
9.852965e-01
1.175112e+00
1.278376e+00
1.332562e+00
Linf Order: 
0.000000e+00
-8.939663e-01
-5.118526e-01
-2.541683e-01
-1.215143e-01
-5.989051e-02
Energy Error: 
2.130452e-01
3.879659e-01
3.990759e-01
3.360638e-01
2.589093e-01
1.910342e-01
NRG Order: 
0.000000e+00
-8.647702e-01
-4.073333e-02
2.479279e-01
3.762882e-01
4.386159e-01
Error with 80 elements:
3.372520e-02
5.728708e-02
9.115689e-02
1.139516e-01
1.483869e-01
1.712034e-01
2.067004e-01
2.303612e-01
2.673469e-01
2.925343e-01
3.312470e-01
3.583771e-01
3.987960e-01
4.279598e-01
4.697913e-01
5.007615e-01
5.434737e-01
5.757618e-01
6.186505e-01
6.515910e-01
6.938579e-01
7.266970e-01
7.675244e-01
7.994987e-01
8.381096e-01
8.685051e-01
9.042071e-01
9.323979e-01
9.646086e-01
9.900772e-01
1.018336e+00
1.040681e+00
1.064652e+00
1.083584e+00
1.103049e+00
1.118385e+00
1.133235e+00
1.144887e+00
1.155109e+00
1.163068e+00
1.168733e+00
1.173061e+00
1.174301e+00
1.175112e+00
1.172113e+00
1.169559e+00
1.162535e+00
1.156791e+00
1.145968e+00
1.137215e+00
1.122814e+00
1.111225e+00
1.093439e+00
1.079161e+00
1.058138e+00
1.041278e+00
1.017105e+00
9.977172e-01
9.704014e-01
9.484710e-01
9.179279e-01
8.933620e-01
8.594013e-01
8.320187e-01
7.943351e-01
7.638595e-01
7.220257e-01
6.880806e-01
6.415434e-01
6.036494e-01
5.517289e-01
5.093046e-01
4.511965e-01
4.035609e-01
3.383426e-01
2.847204e-01
2.113594e-01
1.508894e-01
6.825488e-02
Abs(Error) with 80 elements:
3.372520e-02
5.728708e-02
9.115689e-02
1.139516e-01
1.483869e-01
1.712034e-01
2.067004e-01
2.303612e-01
2.673469e-01
2.925343e-01
3.312470e-01
3.583771e-01
3.987960e-01
4.279598e-01
4.697913e-01
5.007615e-01
5.434737e-01
5.757618e-01
6.186505e-01
6.515910e-01
6.938579e-01
7.266970e-01
7.675244e-01
7.994987e-01
8.381096e-01
8.685051e-01
9.042071e-01
9.323979e-01
9.646086e-01
9.900772e-01
1.018336e+00
1.040681e+00
1.064652e+00
1.083584e+00
1.103049e+00
1.118385e+00
1.133235e+00
1.144887e+00
1.155109e+00
1.163068e+00
1.168733e+00
1.173061e+00
1.174301e+00
1.175112e+00
1.172113e+00
1.169559e+00
1.162535e+00
1.156791e+00
1.145968e+00
1.137215e+00
1.122814e+00
1.111225e+00
1.093439e+00
1.079161e+00
1.058138e+00
1.041278e+00
1.017105e+00
9.977172e-01
9.704014e-01
9.484710e-01
9.179279e-01
8.933620e-01
8.594013e-01
8.320187e-01
7.943351e-01
7.638595e-01
7.220257e-01
6.880806e-01
6.415434e-01
6.036494e-01
5.517289e-01
5.093046e-01
4.511965e-01
4.035609e-01
3.383426e-01
2.847204e-01
2.113594e-01
1.508894e-01
6.825488e-02
Node Locations: 
1.375000e-02
2.500000e-02
3.875000e-02
5.000000e-02
6.375000e-02
7.500000e-02
8.875000e-02
1.000000e-01
1.137500e-01
1.250000e-01
1.387500e-01
1.500000e-01
1.637500e-01
1.750000e-01
1.887500e-01
2.000000e-01
2.137500e-01
2.250000e-01
2.387500e-01
2.500000e-01
2.637500e-01
2.750000e-01
2.887500e-01
3.000000e-01
3.137500e-01
3.250000e-01
3.387500e-01
3.500000e-01
3.637500e-01
3.750000e-01
3.887500e-01
4.000000e-01
4.137500e-01
4.250000e-01
4.387500e-01
4.500000e-01
4.637500e-01
4.750000e-01
4.887500e-01
5.000000e-01
5.137500e-01
5.250000e-01
5.387500e-01
5.500000e-01
5.637500e-01
5.750000e-01
5.887500e-01
6.000000e-01
6.137500e-01
6.250000e-01
6.387500e-01
6.500000e-01
6.637500e-01
6.750000e-01
6.887500e-01
7.000000e-01
7.137500e-01
7.250000e-01
7.387500e-01
7.500000e-01
7.637500e-01
7.750000e-01
7.887500e-01
8.000000e-01
8.137500e-01
8.250000e-01
8.387500e-01
8.500000e-01
8.637500e-01
8.750000e-01
8.887500e-01
9.000000e-01
9.137500e-01
9.250000e-01
9.387500e-01
9.500000e-01
9.637500e-01
9.750000e-01
9.887500e-01
L2 Error: 
2.343497e-02
2.133812e-02
1.097459e-02
4.620878e-03
1.780002e-03
6.566801e-04
L2 Order: 
0.000000e+00
1.352298e-01
9.592667e-01
1.247928e+00
1.376288e+00
1.438616e+00
Linf Error: 
3.718547e-01
6.910094e-01
9.852965e-01
1.175112e+00
1.278376e+00
1.332562e+00
Linf Order: 
0.000000e+00
-8.939663e-01
-5.118526e-01
-2.541683e-01
-1.215143e-01
-5.989051e-02
Energy Error: 
2.130452e-01
3.879659e-01
3.990759e-01
3.360638e-01
2.589093e-01
1.910342e-01
NRG Order: 
0.000000e+00
-8.647702e-01
-4.073333e-02
2.479279e-01
3.762882e-01
4.386159e-01
Error with 160 elements:
1.859036e-02
3.272576e-02
5.134586e-02
6.523001e-02
8.394547e-02
9.769660e-02
1.165970e-01
1.303580e-01
1.495451e-01
1.634682e-01
1.830432e-01
1.972750e-01
2.173273e-01
2.319951e-01
2.525926e-01
2.677949e-01
2.889779e-01
3.047779e-01
3.265552e-01
3.429788e-01
3.653284e-01
3.823653e-01
4.052362e-01
4.228437e-01
4.461604e-01
4.642694e-01
4.879372e-01
5.064584e-01
5.303688e-01
5.491995e-01
5.732355e-01
5.922651e-01
6.163061e-01
6.354214e-01
6.593467e-01
6.784355e-01
7.021273e-01
7.210815e-01
7.444270e-01
7.631438e-01
7.860365e-01
8.044203e-01
8.267607e-01
8.447230e-01
8.664189e-01
8.838788e-01
9.048456e-01
9.217295e-01
9.418900e-01
9.581312e-01
9.774157e-01
9.929546e-01
1.011300e+00
1.026084e+00
1.043435e+00
1.057416e+00
1.073725e+00
1.086863e+00
1.102086e+00
1.114346e+00
1.128449e+00
1.139801e+00
1.152754e+00
1.163174e+00
1.174955e+00
1.184425e+00
1.195016e+00
1.203522e+00
1.212913e+00
1.220447e+00
1.228631e+00
1.235188e+00
1.242166e+00
1.247746e+00
1.253523e+00
1.258130e+00
1.262714e+00
1.266356e+00
1.269762e+00
1.272451e+00
1.274694e+00
1.276445e+00
1.277547e+00
1.278376e+00
1.278360e+00
1.278287e+00
1.277179e+00
1.276226e+00
1.274053e+00
1.272242e+00
1.269033e+00
1.266388e+00
1.262173e+00
1.258718e+00
1.253527e+00
1.249286e+00
1.243149e+00
1.238146e+00
1.231091e+00
1.225349e+00
1.217403e+00
1.210943e+00
1.202132e+00
1.194974e+00
1.185318e+00
1.177481e+00
1.167000e+00
1.158496e+00
1.147206e+00
1.138048e+00
1.125958e+00
1.116153e+00
1.103270e+00
1.092823e+00
1.079147e+00
1.068056e+00
1.053583e+00
1.041842e+00
1.026560e+00
1.014160e+00
9.980515e-01
9.849750e-01
9.680153e-01
9.542409e-01
9.363981e-01
9.218981e-01
9.031329e-01
8.878735e-01
8.681389e-01
8.520799e-01
8.313212e-01
8.144160e-01
7.925703e-01
7.747659e-01
7.517625e-01
7.329992e-01
7.087593e-01
6.889711e-01
6.634078e-01
6.425219e-01
6.155406e-01
5.934779e-01
5.649759e-01
5.416510e-01
5.115183e-01
4.868397e-01
4.549587e-01
4.288288e-01
3.950749e-01
3.673905e-01
3.316323e-01
3.022848e-01
2.643845e-01
2.332601e-01
1.930738e-01
1.600541e-01
1.174324e-01
8.239450e-02
3.718302e-02
Abs(Error) with 160 elements:
1.859036e-02
3.272576e-02
5.134586e-02
6.523001e-02
8.394547e-02
9.769660e-02
1.165970e-01
1.303580e-01
1.495451e-01
1.634682e-01
1.830432e-01
1.972750e-01
2.173273e-01
2.319951e-01
2.525926e-01
2.677949e-01
2.889779e-01
3.047779e-01
3.265552e-01
3.429788e-01
3.653284e-01
3.823653e-01
4.052362e-01
4.228437e-01
4.461604e-01
4.642694e-01
4.879372e-01
5.064584e-01
5.303688e-01
5.491995e-01
5.732355e-01
5.922651e-01
6.163061e-01
6.354214e-01
6.593467e-01
6.784355e-01
7.021273e-01
7.210815e-01
7.444270e-01
7.631438e-01
7.860365e-01
8.044203e-01
8.267607e-01
8.447230e-01
8.664189e-01
8.838788e-01
9.048456e-01
9.217295e-01
9.418900e-01
9.581312e-01
9.774157e-01
9.929546e-01
1.011300e+00
1.026084e+00
1.043435e+00
1.057416e+00
1.073725e+00
1.086863e+00
1.102086e+00
1.114346e+00
1.128449e+00
1.139801e+00
1.152754e+00
1.163174e+00
1.174955e+00
1.184425e+00
1.195016e+00
1.203522e+00
1.212913e+00
1.220447e+00
1.228631e+00
1.235188e+00
1.242166e+00
1.247746e+00
1.253523e+00
1.258130e+00
1.262714e+00
1.266356e+00
1.269762e+00
1.272451e+00
1.274694e+00
1.276445e+00
1.277547e+00
1.278376e+00
1.278360e+00
1.278287e+00
1.277179e+00
1.276226e+00
1.274053e+00
1.272242e+00
1.269033e+00
1.266388e+00
1.262173e+00
1.258718e+00
1.253527e+00
1.249286e+00
1.243149e+00
1.238146e+00
1.231091e+00
1.225349e+00
1.217403e+00
1.210943e+00
1.202132e+00
1.194974e+00
1.185318e+00
1.177481e+00
1.167000e+00
1.158496e+00
1.147206e+00
1.138048e+00
1.125958e+00
1.116153e+00
1.103270e+00
1.092823e+00
1.079147e+00
1.068056e+00
1.053583e+00
1.041842e+00
1.026560e+00
1.014160e+00
9.980515e-01
9.849750e-01
9.680153e-01
9.542409e-01
9.363981e-01
9.218981e-01
9.031329e-01
8.878735e-01
8.681389e-01
8.520799e-01
8.313212e-01
8.144160e-01
7.925703e-01
7.747659e-01
7.517625e-01
7.329992e-01
7.087593e-01
6.889711e-01
6.634078e-01
6.425219e-01
6.155406e-01
5.934779e-01
5.649759e-01
5.416510e-01
5.115183e-01
4.868397e-01
4.549587e-01
4.288288e-01
3.950749e-01
3.673905e-01
3.316323e-01
3.022848e-01
2.643845e-01
2.332601e-01
1.930738e-01
1.600541e-01
1.174324e-01
8.239450e-02
3.718302e-02
Node Locations: 
6.875000e-03
1.250000e-02
1.937500e-02
2.500000e-02
3.187500e-02
3.750000e-02
4.437500e-02
5.000000e-02
5.687500e-02
6.250000e-02
6.937500e-02
7.500000e-02
8.187500e-02
8.750000e-02
9.437500e-02
1.000000e-01
1.068750e-01
1.125000e-01
1.193750e-01
1.250000e-01
1.318750e-01
1.375000e-01
1.443750e-01
1.500000e-01
1.568750e-01
1.625000e-01
1.693750e-01
1.750000e-01
1.818750e-01
1.875000e-01
1.943750e-01
2.000000e-01
2.068750e-01
2.125000e-01
2.193750e-01
2.250000e-01
2.318750e-01
2.375000e-01
2.443750e-01
2.500000e-01
2.568750e-01
2.625000e-01
2.693750e-01
2.750000e-01
2.818750e-01
2.875000e-01
2.943750e-01
3.000000e-01
3.068750e-01
3.125000e-01
3.193750e-01
3.250000e-01
3.318750e-01
3.375000e-01
3.443750e-01
3.500000e-01
3.568750e-01
3.625000e-01
3.693750e-01
3.750000e-01
3.818750e-01
3.875000e-01
3.943750e-01
4.000000e-01
4.068750e-01
4.125000e-01
4.193750e-01
4.250000e-01
4.318750e-01
4.375000e-01
4.443750e-01
4.500000e-01
4.568750e-01
4.625000e-01
4.693750e-01
4.750000e-01
4.818750e-01
4.875000e-01
4.943750e-01
5.000000e-01
5.068750e-01
5.125000e-01
5.193750e-01
5.250000e-01
5.318750e-01
5.375000e-01
5.443750e-01
5.500000e-01
5.568750e-01
5.625000e-01
5.693750e-01
5.750000e-01
5.818750e-01
5.875000e-01
5.943750e-01
6.000000e-01
6.068750e-01
6.125000e-01
6.193750e-01
6.250000e-01
6.318750e-01
6.375000e-01
6.443750e-01
6.500000e-01
6.568750e-01
6.625000e-01
6.693750e-01
6.750000e-01
6.818750e-01
6.875000e-01
6.943750e-01
7.000000e-01
7.068750e-01
7.125000e-01
7.193750e-01
7.250000e-01
7.318750e-01
7.375000e-01
7.443750e-01
7.500000e-01
7.568750e-01
7.625000e-01
7.693750e-01
7.750000e-01
7.818750e-01
7.875000e-01
7.943750e-01
8.000000e-01
8.068750e-01
8.125000e-01
8.193750e-01
8.250000e-01
8.318750e-01
8.375000e-01
8.443750e-01
8.500000e-01
8.568750e-01
8.625000e-01
8.693750e-01
8.750000e-01
8.818750e-01
8.875000e-01
8.943750e-01
9.000000e-01
9.068750e-01
9.125000e-01
9.193750e-01
9.250000e-01
9.318750e-01
9.375000e-01
9.443750e-01
9.500000e-01
9.568750e-01
9.625000e-01
9.693750e-01
9.750000e-01
9.818750e-01
9.875000e-01
9.943750e-01
L2 Error: 
2.343497e-02
2.133812e-02
1.097459e-02
4.620878e-03
1.780002e-03
6.566801e-04
L2 Order: 
0.000000e+00
1.352298e-01
9.592667e-01
1.247928e+00
1.376288e+00
1.438616e+00
Linf Error: 
3.718547e-01
6.910094e-01
9.852965e-01
1.175112e+00
1.278376e+00
1.332562e+00
Linf Order: 
0.000000e+00
-8.939663e-01
-5.118526e-01
-2.541683e-01
-1.215143e-01
-5.989051e-02
Energy Error: 
2.130452e-01
3.879659e-01
3.990759e-01
3.360638e-01
2.589093e-01
1.910342e-01
NRG Order: 
0.000000e+00
-8.647702e-01
-4.073333e-02
2.479279e-01
3.762882e-01
4.386159e-01
Error with 320 elements:
9.915831e-03
1.780424e-02
2.772514e-02
3.553966e-02
4.547310e-02
5.322797e-02
6.318560e-02
7.089985e-02
8.089672e-02
8.859312e-02
9.864673e-02
1.063506e-01
1.164798e-01
1.242177e-01
1.344419e-01
1.422403e-01
1.525781e-01
1.604624e-01
1.709310e-01
1.789245e-01
1.895389e-01
1.976617e-01
2.084339e-01
2.167026e-01
2.276417e-01
2.360688e-01
2.471802e-01
2.557743e-01
2.670600e-01
2.758255e-01
2.872842e-01
2.962216e-01
3.078490e-01
3.169553e-01
3.287440e-01
3.380132e-01
3.499538e-01
3.593770e-01
3.714579e-01
3.810243e-01
3.932323e-01
4.029296e-01
4.152504e-01
4.250647e-01
4.374831e-01
4.474001e-01
4.599004e-01
4.699051e-01
4.824715e-01
4.925488e-01
5.051652e-01
5.153002e-01
5.279508e-01
5.381287e-01
5.507978e-01
5.610041e-01
5.736765e-01
5.838973e-01
5.965579e-01
6.067796e-01
6.194141e-01
6.296236e-01
6.422179e-01
6.524027e-01
6.649430e-01
6.750910e-01
6.875642e-01
6.976638e-01
7.100570e-01
7.200969e-01
7.323978e-01
7.423673e-01
7.545636e-01
7.644523e-01
7.765326e-01
7.863304e-01
7.982832e-01
8.079804e-01
8.197948e-01
8.293821e-01
8.410475e-01
8.505159e-01
8.620219e-01
8.713626e-01
8.826993e-01
8.919039e-01
9.030617e-01
9.121222e-01
9.230916e-01
9.320002e-01
9.427725e-01
9.515216e-01
9.620880e-01
9.706704e-01
9.810228e-01
9.894316e-01
9.995619e-01
1.007791e+00
1.017691e+00
1.025733e+00
1.035397e+00
1.043247e+00
1.052667e+00
1.060319e+00
1.069488e+00
1.076936e+00
1.085850e+00
1.093089e+00
1.101740e+00
1.108766e+00
1.117150e+00
1.123958e+00
1.132069e+00
1.138654e+00
1.146488e+00
1.152848e+00
1.160400e+00
1.166530e+00
1.173796e+00
1.179694e+00
1.186671e+00
1.192333e+00
1.199018e+00
1.204442e+00
1.210831e+00
1.216014e+00
1.222106e+00
1.227046e+00
1.232838e+00
1.237534e+00
1.243024e+00
1.247474e+00
1.252660e+00
1.256864e+00
1.261746e+00
1.265702e+00
1.270279e+00
1.273986e+00
1.278257e+00
1.281716e+00
1.285682e+00
1.288891e+00
1.292552e+00
1.295512e+00
1.298868e+00
1.301580e+00
1.304632e+00
1.307096e+00
1.309845e+00
1.312062e+00
1.314509e+00
1.316481e+00
1.318628e+00
1.320356e+00
1.322203e+00
1.323689e+00
1.325240e+00
1.326485e+00
1.327742e+00
1.328747e+00
1.329713e+00
1.330481e+00
1.331158e+00
1.331691e+00
1.332082e+00
1.332383e+00
1.332491e+00
1.332562e+00
1.332390e+00
1.332234e+00
1.331786e+00
1.331405e+00
1.330683e+00
1.330081e+00
1.329090e+00
1.328268e+00
1.327011e+00
1.325974e+00
1.324455e+00
1.323204e+00
1.321427e+00
1.319967e+00
1.317935e+00
1.316267e+00
1.313984e+00
1.312114e+00
1.309584e+00
1.307512e+00
1.304739e+00
1.302470e+00
1.299456e+00
1.296993e+00
1.293744e+00
1.291089e+00
1.287607e+00
1.284764e+00
1.281053e+00
1.278024e+00
1.274088e+00
1.270875e+00
1.266717e+00
1.263324e+00
1.258947e+00
1.255376e+00
1.250783e+00
1.247036e+00
1.242229e+00
1.238310e+00
1.233292e+00
1.229201e+00
1.223975e+00
1.219715e+00
1.214282e+00
1.209854e+00
1.204216e+00
1.199622e+00
1.193782e+00
1.189023e+00
1.182981e+00
1.178058e+00
1.171816e+00
1.166729e+00
1.160287e+00
1.155038e+00
1.148396e+00
1.142985e+00
1.136144e+00
1.130570e+00
1.123529e+00
1.117792e+00
1.110550e+00
1.104650e+00
1.097207e+00
1.091142e+00
1.083497e+00
1.077266e+00
1.069415e+00
1.063017e+00
1.054960e+00
1.048392e+00
1.040125e+00
1.033386e+00
1.024905e+00
1.017992e+00
1.009295e+00
1.002204e+00
9.932865e-01
9.860150e-01
9.768721e-01
9.694160e-01
9.600430e-01
9.523980e-01
9.427895e-01
9.349511e-01
9.251010e-01
9.170642e-01
9.069660e-01
8.987255e-01
8.883724e-01
8.799223e-01
8.693068e-01
8.606410e-01
8.497552e-01
8.408670e-01
8.297023e-01
8.205848e-01
8.091324e-01
7.997781e-01
7.880286e-01
7.784295e-01
7.663729e-01
7.565210e-01
7.441467e-01
7.340332e-01
7.213304e-01
7.109463e-01
6.979035e-01
6.872392e-01
6.738444e-01
6.628902e-01
6.491309e-01
6.378764e-01
6.237398e-01
6.121743e-01
5.976469e-01
5.857593e-01
5.708273e-01
5.586062e-01
5.432551e-01
5.306887e-01
5.149037e-01
5.019797e-01
4.857456e-01
4.724515e-01
4.557526e-01
4.420754e-01
4.248955e-01
4.108220e-01
3.931445e-01
3.786610e-01
3.604690e-01
3.455616e-01
3.268377e-01
3.114921e-01
2.922186e-01
2.764202e-01
2.565789e-01
2.403129e-01
2.198854e-01
2.031365e-01
1.821039e-01
1.648568e-01
1.432001e-01
1.254390e-01
1.031386e-01
8.484759e-02
6.188386e-02
4.304674e-02
1.939962e-02
Abs(Error) with 320 elements:
9.915831e-03
1.780424e-02
2.772514e-02
3.553966e-02
4.547310e-02
5.322797e-02
6.318560e-02
7.089985e-02
8.089672e-02
8.859312e-02
9.864673e-02
1.063506e-01
1.164798e-01
1.242177e-01
1.344419e-01
1.422403e-01
1.525781e-01
1.604624e-01
1.709310e-01
1.789245e-01
1.895389e-01
1.976617e-01
2.084339e-01
2.167026e-01
2.276417e-01
2.360688e-01
2.471802e-01
2.557743e-01
2.670600e-01
2.758255e-01
2.872842e-01
2.962216e-01
3.078490e-01
3.169553e-01
3.287440e-01
3.380132e-01
3.499538e-01
3.593770e-01
3.714579e-01
3.810243e-01
3.932323e-01
4.029296e-01
4.152504e-01
4.250647e-01
4.374831e-01
4.474001e-01
4.599004e-01
4.699051e-01
4.824715e-01
4.925488e-01
5.051652e-01
5.153002e-01
5.279508e-01
5.381287e-01
5.507978e-01
5.610041e-01
5.736765e-01
5.838973e-01
5.965579e-01
6.067796e-01
6.194141e-01
6.296236e-01
6.422179e-01
6.524027e-01
6.649430e-01
6.750910e-01
6.875642e-01
6.976638e-01
7.100570e-01
7.200969e-01
7.323978e-01
7.423673e-01
7.545636e-01
7.644523e-01
7.765326e-01
7.863304e-01
7.982832e-01
8.079804e-01
8.197948e-01
8.293821e-01
8.410475e-01
8.505159e-01
8.620219e-01
8.713626e-01
8.826993e-01
8.919039e-01
9.030617e-01
9.121222e-01
9.230916e-01
9.320002e-01
9.427725e-01
9.515216e-01
9.620880e-01
9.706704e-01
9.810228e-01
9.894316e-01
9.995619e-01
1.007791e+00
1.017691e+00
1.025733e+00
1.035397e+00
1.043247e+00
1.052667e+00
1.060319e+00
1.069488e+00
1.076936e+00
1.085850e+00
1.093089e+00
1.101740e+00
1.108766e+00
1.117150e+00
1.123958e+00
1.132069e+00
1.138654e+00
1.146488e+00
1.152848e+00
1.160400e+00
1.166530e+00
1.173796e+00
1.179694e+00
1.186671e+00
1.192333e+00
1.199018e+00
1.204442e+00
1.210831e+00
1.216014e+00
1.222106e+00
1.227046e+00
1.232838e+00
1.237534e+00
1.243024e+00
1.247474e+00
1.252660e+00
1.256864e+00
1.261746e+00
1.265702e+00
1.270279e+00
1.273986e+00
1.278257e+00
1.281716e+00
1.285682e+00
1.288891e+00
1.292552e+00
1.295512e+00
1.298868e+00
1.301580e+00
1.304632e+00
1.307096e+00
1.309845e+00
1.312062e+00
1.314509e+00
1.316481e+00
1.318628e+00
1.320356e+00
1.322203e+00
1.323689e+00
1.325240e+00
1.326485e+00
1.327742e+00
1.328747e+00
1.329713e+00
1.330481e+00
1.331158e+00
1.331691e+00
1.332082e+00
1.332383e+00
1.332491e+00
1.332562e+00
1.332390e+00
1.332234e+00
1.331786e+00
1.331405e+00
1.330683e+00
1.330081e+00
1.329090e+00
1.328268e+00
1.327011e+00
1.325974e+00
1.324455e+00
1.323204e+00
1.321427e+00
1.319967e+00
1.317935e+00
1.316267e+00
1.313984e+00
1.312114e+00
1.309584e+00
1.307512e+00
1.304739e+00
1.302470e+00
1.299456e+00
1.296993e+00
1.293744e+00
1.291089e+00
1.287607e+00
1.284764e+00
1.281053e+00
1.278024e+00
1.274088e+00
1.270875e+00
1.266717e+00
1.263324e+00
1.258947e+00
1.255376e+00
1.250783e+00
1.247036e+00
1.242229e+00
1.238310e+00
1.233292e+00
1.229201e+00
1.223975e+00
1.219715e+00
1.214282e+00
1.209854e+00
1.204216e+00
1.199622e+00
1.193782e+00
1.189023e+00
1.182981e+00
1.178058e+00
1.171816e+00
1.166729e+00
1.160287e+00
1.155038e+00
1.148396e+00
1.142985e+00
1.136144e+00
1.130570e+00
1.123529e+00
1.117792e+00
1.110550e+00
1.104650e+00
1.097207e+00
1.091142e+00
1.083497e+00
1.077266e+00
1.069415e+00
1.063017e+00
1.054960e+00
1.048392e+00
1.040125e+00
1.033386e+00
1.024905e+00
1.017992e+00
1.009295e+00
1.002204e+00
9.932865e-01
9.860150e-01
9.768721e-01
9.694160e-01
9.600430e-01
9.523980e-01
9.427895e-01
9.349511e-01
9.251010e-01
9.170642e-01
9.069660e-01
8.987255e-01
8.883724e-01
8.799223e-01
8.693068e-01
8.606410e-01
8.497552e-01
8.408670e-01
8.297023e-01
8.205848e-01
8.091324e-01
7.997781e-01
7.880286e-01
7.784295e-01
7.663729e-01
7.565210e-01
7.441467e-01
7.340332e-01
7.213304e-01
7.109463e-01
6.979035e-01
6.872392e-01
6.738444e-01
6.628902e-01
6.491309e-01
6.378764e-01
6.237398e-01
6.121743e-01
5.976469e-01
5.857593e-01
5.708273e-01
5.586062e-01
5.432551e-01
5.306887e-01
5.149037e-01
5.019797e-01
4.857456e-01
4.724515e-01
4.557526e-01
4.420754e-01
4.248955e-01
4.108220e-01
3.931445e-01
3.786610e-01
3.604690e-01
3.455616e-01
3.268377e-01
3.114921e-01
2.922186e-01
2.764202e-01
2.565789e-01
2.403129e-01
2.198854e-01
2.031365e-01
1.821039e-01
1.648568e-01
1.432001e-01
1.254390e-01
1.031386e-01
8.484759e-02
6.188386e-02
4.304674e-02
1.939962e-02
Node Locations: 
3.437500e-03
6.250000e-03
9.687500e-03
1.250000e-02
1.593750e-02
1.875000e-02
2.218750e-02
2.500000e-02
2.843750e-02
3.125000e-02
3.468750e-02
3.750000e-02
4.093750e-02
4.375000e-02
4.718750e-02
5.000000e-02
5.343750e-02
5.625000e-02
5.968750e-02
6.250000e-02
6.593750e-02
6.875000e-02
7.218750e-02
7.500000e-02
7.843750e-02
8.125000e-02
8.468750e-02
8.750000e-02
9.093750e-02
9.375000e-02
9.718750e-02
1.000000e-01
1.034375e-01
1.062500e-01
1.096875e-01
1.125000e-01
1.159375e-01
1.187500e-01
1.221875e-01
1.250000e-01
1.284375e-01
1.312500e-01
1.346875e-01
1.375000e-01
1.409375e-01
1.437500e-01
1.471875e-01
1.500000e-01
1.534375e-01
1.562500e-01
1.596875e-01
1.625000e-01
1.659375e-01
1.687500e-01
1.721875e-01
1.750000e-01
1.784375e-01
1.812500e-01
1.846875e-01
1.875000e-01
1.909375e-01
1.937500e-01
1.971875e-01
2.000000e-01
2.034375e-01
2.062500e-01
2.096875e-01
2.125000e-01
2.159375e-01
2.187500e-01
2.221875e-01
2.250000e-01
2.284375e-01
2.312500e-01
2.346875e-01
2.375000e-01
2.409375e-01
2.437500e-01
2.471875e-01
2.500000e-01
2.534375e-01
2.562500e-01
2.596875e-01
2.625000e-01
2.659375e-01
2.687500e-01
2.721875e-01
2.750000e-01
2.784375e-01
2.812500e-01
2.846875e-01
2.875000e-01
2.909375e-01
2.937500e-01
2.971875e-01
3.000000e-01
3.034375e-01
3.062500e-01
3.096875e-01
3.125000e-01
3.159375e-01
3.187500e-01
3.221875e-01
3.250000e-01
3.284375e-01
3.312500e-01
3.346875e-01
3.375000e-01
3.409375e-01
3.437500e-01
3.471875e-01
3.500000e-01
3.534375e-01
3.562500e-01
3.596875e-01
3.625000e-01
3.659375e-01
3.687500e-01
3.721875e-01
3.750000e-01
3.784375e-01
3.812500e-01
3.846875e-01
3.875000e-01
3.909375e-01
3.937500e-01
3.971875e-01
4.000000e-01
4.034375e-01
4.062500e-01
4.096875e-01
4.125000e-01
4.159375e-01
4.187500e-01
4.221875e-01
4.250000e-01
4.284375e-01
4.312500e-01
4.346875e-01
4.375000e-01
4.409375e-01
4.437500e-01
4.471875e-01
4.500000e-01
4.534375e-01
4.562500e-01
4.596875e-01
4.625000e-01
4.659375e-01
4.687500e-01
4.721875e-01
4.750000e-01
4.784375e-01
4.812500e-01
4.846875e-01
4.875000e-01
4.909375e-01
4.937500e-01
4.971875e-01
5.000000e-01
5.034375e-01
5.062500e-01
5.096875e-01
5.125000e-01
5.159375e-01
5.187500e-01
5.221875e-01
5.250000e-01
5.284375e-01
5.312500e-01
5.346875e-01
5.375000e-01
5.409375e-01
5.437500e-01
5.471875e-01
5.500000e-01
5.534375e-01
5.562500e-01
5.596875e-01
5.625000e-01
5.659375e-01
5.687500e-01
5.721875e-01
5.750000e-01
5.784375e-01
5.812500e-01
5.846875e-01
5.875000e-01
5.909375e-01
5.937500e-01
5.971875e-01
6.000000e-01
6.034375e-01
6.062500e-01
6.096875e-01
6.125000e-01
6.159375e-01
6.187500e-01
6.221875e-01
6.250000e-01
6.284375e-01
6.312500e-01
6.346875e-01
6.375000e-01
6.409375e-01
6.437500e-01
6.471875e-01
6.500000e-01
6.534375e-01
6.562500e-01
6.596875e-01
6.625000e-01
6.659375e-01
6.687500e-01
6.721875e-01
6.750000e-01
6.784375e-01
6.812500e-01
6.846875e-01
6.875000e-01
6.909375e-01
6.937500e-01
6.971875e-01
7.000000e-01
7.034375e-01
7.062500e-01
7.096875e-01
7.125000e-01
7.159375e-01
7.187500e-01
7.221875e-01
7.250000e-01
7.284375e-01
7.312500e-01
7.346875e-01
7.375000e-01
7.409375e-01
7.437500e-01
7.471875e-01
7.500000e-01
7.534375e-01
7.562500e-01
7.596875e-01
7.625000e-01
7.659375e-01
7.687500e-01
7.721875e-01
7.750000e-01
7.784375e-01
7.812500e-01
7.846875e-01
7.875000e-01
7.909375e-01
7.937500e-01
7.971875e-01
8.000000e-01
8.034375e-01
8.062500e-01
8.096875e-01
8.125000e-01
8.159375e-01
8.187500e-01
8.221875e-01
8.250000e-01
8.284375e-01
8.312500e-01
8.346875e-01
8.375000e-01
8.409375e-01
8.437500e-01
8.471875e-01
8.500000e-01
8.534375e-01
8.562500e-01
8.596875e-01
8.625000e-01
8.659375e-01
8.687500e-01
8.721875e-01
8.750000e-01
8.784375e-01
8.812500e-01
8.846875e-01
8.875000e-01
8.909375e-01
8.937500e-01
8.971875e-01
9.000000e-01
9.034375e-01
9.062500e-01
9.096875e-01
9.125000e-01
9.159375e-01
9.187500e-01
9.221875e-01
9.250000e-01
9.284375e-01
9.312500e-01
9.346875e-01
9.375000e-01
9.409375e-01
9.437500e-01
9.471875e-01
9.500000e-01
9.534375e-01
9.562500e-01
9.596875e-01
9.625000e-01
9.659375e-01
9.687500e-01
9.721875e-01
9.750000e-01
9.784375e-01
9.812500e-01
9.846875e-01
9.875000e-01
9.909375e-01
9.937500e-01
9.971875e-01
L2 Error: 
2.343497e-02
2.133812e-02
1.097459e-02
4.620878e-03
1.780002e-03
6.566801e-04
L2 Order: 
0.000000e+00
1.352298e-01
9.592667e-01
1.247928e+00
1.376288e+00
1.438616e+00
Linf Error: 
3.718547e-01
6.910094e-01
9.852965e-01
1.175112e+00
1.278376e+00
1.332562e+00
Linf Order: 
0.000000e+00
-8.939663e-01
-5.118526e-01
-2.541683e-01
-1.215143e-01
-5.989051e-02
Energy Error: 
2.130452e-01
3.879659e-01
3.990759e-01
3.360638e-01
2.589093e-01
1.910342e-01
NRG Order: 
0.000000e+00
-8.647702e-01
-4.073333e-02
2.479279e-01
3.762882e-01
4.386159e-01
