Error with 10 elements:
2.837704e+00
2.669034e+00
2.531880e+00
2.409566e+00
2.294239e+00
2.214731e+00
2.118714e+00
2.079391e+00
2.000899e+00
Abs(Error) with 10 elements:
2.837704e+00
2.669034e+00
2.531880e+00
2.409566e+00
2.294239e+00
2.214731e+00
2.118714e+00
2.079391e+00
2.000899e+00
Node Locations: 
1.100000e-01
2.000000e-01
3.100000e-01
4.000000e-01
5.100000e-01
6.000000e-01
7.100000e-01
8.000000e-01
9.100000e-01
L2 Error: 
3.831430e-01
2.704644e-01
1.912960e-01
1.353213e-01
9.571245e-02
6.768923e-02
L2 Order: 
0.000000e+00
5.024443e-01
4.996315e-01
4.994185e-01
4.996100e-01
4.997802e-01
Linf Error: 
2.837704e+00
2.917944e+00
2.958735e+00
2.979307e+00
2.989638e+00
2.994815e+00
Linf Order: 
0.000000e+00
-4.022797e-02
-2.002813e-02
-9.996263e-03
-4.994151e-03
-2.496140e-03
Energy Error: 
3.483118e+00
4.917534e+00
6.956220e+00
9.841546e+00
1.392181e+01
1.969141e+01
NRG Order: 
0.000000e+00
-4.975557e-01
-5.003685e-01
-5.005815e-01
-5.003900e-01
-5.002198e-01
Error with 20 elements:
2.917944e+00
2.825219e+00
2.749785e+00
2.669295e+00
2.600000e+00
2.531190e+00
2.467608e+00
2.409988e+00
2.351744e+00
2.304886e+00
2.251653e+00
2.215186e+00
2.166685e+00
2.140296e+00
2.096291e+00
2.079718e+00
2.040019e+00
2.033056e+00
1.997512e+00
Abs(Error) with 20 elements:
2.917944e+00
2.825219e+00
2.749785e+00
2.669295e+00
2.600000e+00
2.531190e+00
2.467608e+00
2.409988e+00
2.351744e+00
2.304886e+00
2.251653e+00
2.215186e+00
2.166685e+00
2.140296e+00
2.096291e+00
2.079718e+00
2.040019e+00
2.033056e+00
1.997512e+00
Node Locations: 
5.500000e-02
1.000000e-01
1.550000e-01
2.000000e-01
2.550000e-01
3.000000e-01
3.550000e-01
4.000000e-01
4.550000e-01
5.000000e-01
5.550000e-01
6.000000e-01
6.550000e-01
7.000000e-01
7.550000e-01
8.000000e-01
8.550000e-01
9.000000e-01
9.550000e-01
L2 Error: 
3.831430e-01
2.704644e-01
1.912960e-01
1.353213e-01
9.571245e-02
6.768923e-02
L2 Order: 
0.000000e+00
5.024443e-01
4.996315e-01
4.994185e-01
4.996100e-01
4.997802e-01
Linf Error: 
2.837704e+00
2.917944e+00
2.958735e+00
2.979307e+00
2.989638e+00
2.994815e+00
Linf Order: 
0.000000e+00
-4.022797e-02
-2.002813e-02
-9.996263e-03
-4.994151e-03
-2.496140e-03
Energy Error: 
3.483118e+00
4.917534e+00
6.956220e+00
9.841546e+00
1.392181e+01
1.969141e+01
NRG Order: 
0.000000e+00
-4.975557e-01
-5.003685e-01
-5.005815e-01
-5.003900e-01
-5.002198e-01
Error with 40 elements:
2.958735e+00
2.910210e+00
2.870646e+00
2.825272e+00
2.787345e+00
2.745044e+00
2.708693e+00
2.669394e+00
2.634560e+00
2.598194e+00
2.564824e+00
2.531327e+00
2.499370e+00
2.468681e+00
2.438090e+00
2.410153e+00
2.380883e+00
2.355645e+00
2.327654e+00
2.305067e+00
2.278316e+00
2.258334e+00
2.232788e+00
2.215369e+00
2.190994e+00
2.176100e+00
2.152868e+00
2.140463e+00
2.118345e+00
2.108398e+00
2.087370e+00
2.079852e+00
2.059892e+00
2.054778e+00
2.035866e+00
2.033134e+00
2.015254e+00
2.014885e+00
1.998022e+00
Abs(Error) with 40 elements:
2.958735e+00
2.910210e+00
2.870646e+00
2.825272e+00
2.787345e+00
2.745044e+00
2.708693e+00
2.669394e+00
2.634560e+00
2.598194e+00
2.564824e+00
2.531327e+00
2.499370e+00
2.468681e+00
2.438090e+00
2.410153e+00
2.380883e+00
2.355645e+00
2.327654e+00
2.305067e+00
2.278316e+00
2.258334e+00
2.232788e+00
2.215369e+00
2.190994e+00
2.176100e+00
2.152868e+00
2.140463e+00
2.118345e+00
2.108398e+00
2.087370e+00
2.079852e+00
2.059892e+00
2.054778e+00
2.035866e+00
2.033134e+00
2.015254e+00
2.014885e+00
1.998022e+00
Node Locations: 
2.750000e-02
5.000000e-02
7.750000e-02
1.000000e-01
1.275000e-01
1.500000e-01
1.775000e-01
2.000000e-01
2.275000e-01
2.500000e-01
2.775000e-01
3.000000e-01
3.275000e-01
3.500000e-01
3.775000e-01
4.000000e-01
4.275000e-01
4.500000e-01
4.775000e-01
5.000000e-01
5.275000e-01
5.500000e-01
5.775000e-01
6.000000e-01
6.275000e-01
6.500000e-01
6.775000e-01
7.000000e-01
7.275000e-01
7.500000e-01
7.775000e-01
8.000000e-01
8.275000e-01
8.500000e-01
8.775000e-01
9.000000e-01
9.275000e-01
9.500000e-01
9.775000e-01
L2 Error: 
3.831430e-01
2.704644e-01
1.912960e-01
1.353213e-01
9.571245e-02
6.768923e-02
L2 Order: 
0.000000e+00
5.024443e-01
4.996315e-01
4.994185e-01
4.996100e-01
4.997802e-01
Linf Error: 
2.837704e+00
2.917944e+00
2.958735e+00
2.979307e+00
2.989638e+00
2.994815e+00
Linf Order: 
0.000000e+00
-4.022797e-02
-2.002813e-02
-9.996263e-03
-4.994151e-03
-2.496140e-03
Energy Error: 
3.483118e+00
4.917534e+00
6.956220e+00
9.841546e+00
1.392181e+01
1.969141e+01
NRG Order: 
0.000000e+00
-4.975557e-01
-5.003685e-01
-5.005815e-01
-5.003900e-01
-5.002198e-01
Error with 80 elements:
2.979307e+00
2.954495e+00
2.934233e+00
2.910221e+00
2.890382e+00
2.867160e+00
2.847736e+00
2.825294e+00
2.806277e+00
2.784605e+00
2.765987e+00
2.745076e+00
2.726850e+00
2.706692e+00
2.688850e+00
2.669435e+00
2.651971e+00
2.633291e+00
2.616198e+00
2.598244e+00
2.581515e+00
2.564280e+00
2.547909e+00
2.531385e+00
2.515365e+00
2.499545e+00
2.483870e+00
2.468747e+00
2.453411e+00
2.438977e+00
2.423976e+00
2.410224e+00
2.395551e+00
2.382476e+00
2.368126e+00
2.355721e+00
2.341689e+00
2.329947e+00
2.316229e+00
2.305145e+00
2.291736e+00
2.281304e+00
2.268199e+00
2.258414e+00
2.245608e+00
2.236465e+00
2.223955e+00
2.215448e+00
2.203230e+00
2.195356e+00
2.183425e+00
2.176178e+00
2.164532e+00
2.157907e+00
2.146542e+00
2.140537e+00
2.129449e+00
2.124058e+00
2.113245e+00
2.108466e+00
2.097924e+00
2.093752e+00
2.083479e+00
2.079911e+00
2.069904e+00
2.066938e+00
2.057194e+00
2.054827e+00
2.045344e+00
2.043572e+00
2.034348e+00
2.033169e+00
2.024203e+00
2.023615e+00
2.014903e+00
2.014904e+00
2.006446e+00
2.007034e+00
1.998828e+00
Abs(Error) with 80 elements:
2.979307e+00
2.954495e+00
2.934233e+00
2.910221e+00
2.890382e+00
2.867160e+00
2.847736e+00
2.825294e+00
2.806277e+00
2.784605e+00
2.765987e+00
2.745076e+00
2.726850e+00
2.706692e+00
2.688850e+00
2.669435e+00
2.651971e+00
2.633291e+00
2.616198e+00
2.598244e+00
2.581515e+00
2.564280e+00
2.547909e+00
2.531385e+00
2.515365e+00
2.499545e+00
2.483870e+00
2.468747e+00
2.453411e+00
2.438977e+00
2.423976e+00
2.410224e+00
2.395551e+00
2.382476e+00
2.368126e+00
2.355721e+00
2.341689e+00
2.329947e+00
2.316229e+00
2.305145e+00
2.291736e+00
2.281304e+00
2.268199e+00
2.258414e+00
2.245608e+00
2.236465e+00
2.223955e+00
2.215448e+00
2.203230e+00
2.195356e+00
2.183425e+00
2.176178e+00
2.164532e+00
2.157907e+00
2.146542e+00
2.140537e+00
2.129449e+00
2.124058e+00
2.113245e+00
2.108466e+00
2.097924e+00
2.093752e+00
2.083479e+00
2.079911e+00
2.069904e+00
2.066938e+00
2.057194e+00
2.054827e+00
2.045344e+00
2.043572e+00
2.034348e+00
2.033169e+00
2.024203e+00
2.023615e+00
2.014903e+00
2.014904e+00
2.006446e+00
2.007034e+00
1.998828e+00
Node Locations: 
1.375000e-02
2.500000e-02
3.875000e-02
5.000000e-02
6.375000e-02
7.500000e-02
8.875000e-02
1.000000e-01
1.137500e-01
1.250000e-01
1.387500e-01
1.500000e-01
1.637500e-01
1.750000e-01
1.887500e-01
2.000000e-01
2.137500e-01
2.250000e-01
2.387500e-01
2.500000e-01
2.637500e-01
2.750000e-01
2.887500e-01
3.000000e-01
3.137500e-01
3.250000e-01
3.387500e-01
3.500000e-01
3.637500e-01
3.750000e-01
3.887500e-01
4.000000e-01
4.137500e-01
4.250000e-01
4.387500e-01
4.500000e-01
4.637500e-01
4.750000e-01
4.887500e-01
5.000000e-01
5.137500e-01
5.250000e-01
5.387500e-01
5.500000e-01
5.637500e-01
5.750000e-01
5.887500e-01
6.000000e-01
6.137500e-01
6.250000e-01
6.387500e-01
6.500000e-01
6.637500e-01
6.750000e-01
6.887500e-01
7.000000e-01
7.137500e-01
7.250000e-01
7.387500e-01
7.500000e-01
7.637500e-01
7.750000e-01
7.887500e-01
8.000000e-01
8.137500e-01
8.250000e-01
8.387500e-01
8.500000e-01
8.637500e-01
8.750000e-01
8.887500e-01
9.000000e-01
9.137500e-01
9.250000e-01
9.387500e-01
9.500000e-01
9.637500e-01
9.750000e-01
9.887500e-01
L2 Error: 
3.831430e-01
2.704644e-01
1.912960e-01
1.353213e-01
9.571245e-02
6.768923e-02
L2 Order: 
0.000000e+00
5.024443e-01
4.996315e-01
4.994185e-01
4.996100e-01
4.997802e-01
Linf Error: 
2.837704e+00
2.917944e+00
2.958735e+00
2.979307e+00
2.989638e+00
2.994815e+00
Linf Order: 
0.000000e+00
-4.022797e-02
-2.002813e-02
-9.996263e-03
-4.994151e-03
-2.496140e-03
Energy Error: 
3.483118e+00
4.917534e+00
6.956220e+00
9.841546e+00
1.392181e+01
1.969141e+01
NRG Order: 
0.000000e+00
-4.975557e-01
-5.003685e-01
-5.005815e-01
-5.003900e-01
-5.002198e-01
Error with 160 elements:
2.989638e+00
2.977094e+00
2.966840e+00
2.954498e+00
2.944352e+00
2.932209e+00
2.922170e+00
2.910226e+00
2.900292e+00
2.888547e+00
2.878717e+00
2.867168e+00
2.857442e+00
2.846087e+00
2.836464e+00
2.825304e+00
2.815782e+00
2.804814e+00
2.795393e+00
2.784617e+00
2.775295e+00
2.764710e+00
2.755487e+00
2.745091e+00
2.735965e+00
2.725758e+00
2.716729e+00
2.706709e+00
2.697775e+00
2.687941e+00
2.679103e+00
2.669454e+00
2.660710e+00
2.651245e+00
2.642594e+00
2.633312e+00
2.624754e+00
2.615653e+00
2.607187e+00
2.598267e+00
2.589891e+00
2.581152e+00
2.572866e+00
2.564305e+00
2.556108e+00
2.547726e+00
2.539617e+00
2.531412e+00
2.523391e+00
2.515362e+00
2.507428e+00
2.499573e+00
2.491726e+00
2.484045e+00
2.476283e+00
2.468776e+00
2.461099e+00
2.453765e+00
2.446171e+00
2.439008e+00
2.431498e+00
2.424506e+00
2.417078e+00
2.410257e+00
2.402911e+00
2.396258e+00
2.388994e+00
2.382510e+00
2.375326e+00
2.369009e+00
2.361905e+00
2.355755e+00
2.348731e+00
2.342747e+00
2.335801e+00
2.329983e+00
2.323115e+00
2.317461e+00
2.310671e+00
2.305181e+00
2.298468e+00
2.293142e+00
2.286505e+00
2.281341e+00
2.274780e+00
2.269778e+00
2.263292e+00
2.258451e+00
2.252040e+00
2.247359e+00
2.241023e+00
2.236502e+00
2.230239e+00
2.225878e+00
2.219688e+00
2.215486e+00
2.209369e+00
2.205324e+00
2.199279e+00
2.195392e+00
2.189420e+00
2.185689e+00
2.179788e+00
2.176214e+00
2.170384e+00
2.166966e+00
2.161206e+00
2.157943e+00
2.152253e+00
2.149145e+00
2.143525e+00
2.140571e+00
2.135020e+00
2.132220e+00
2.126738e+00
2.124092e+00
2.118678e+00
2.116184e+00
2.110838e+00
2.108497e+00
2.103219e+00
2.101030e+00
2.095820e+00
2.093782e+00
2.088638e+00
2.086752e+00
2.081675e+00
2.079939e+00
2.074929e+00
2.073343e+00
2.068399e+00
2.066964e+00
2.062085e+00
2.060799e+00
2.055986e+00
2.054849e+00
2.050101e+00
2.049114e+00
2.044431e+00
2.043592e+00
2.038973e+00
2.038283e+00
2.033729e+00
2.033186e+00
2.028696e+00
2.028301e+00
2.023875e+00
2.023628e+00
2.019265e+00
2.019165e+00
2.014866e+00
2.014913e+00
2.010677e+00
2.010871e+00
2.006698e+00
2.007038e+00
2.002929e+00
2.003415e+00
1.999368e+00
Abs(Error) with 160 elements:
2.989638e+00
2.977094e+00
2.966840e+00
2.954498e+00
2.944352e+00
2.932209e+00
2.922170e+00
2.910226e+00
2.900292e+00
2.888547e+00
2.878717e+00
2.867168e+00
2.857442e+00
2.846087e+00
2.836464e+00
2.825304e+00
2.815782e+00
2.804814e+00
2.795393e+00
2.784617e+00
2.775295e+00
2.764710e+00
2.755487e+00
2.745091e+00
2.735965e+00
2.725758e+00
2.716729e+00
2.706709e+00
2.697775e+00
2.687941e+00
2.679103e+00
2.669454e+00
2.660710e+00
2.651245e+00
2.642594e+00
2.633312e+00
2.624754e+00
2.615653e+00
2.607187e+00
2.598267e+00
2.589891e+00
2.581152e+00
2.572866e+00
2.564305e+00
2.556108e+00
2.547726e+00
2.539617e+00
2.531412e+00
2.523391e+00
2.515362e+00
2.507428e+00
2.499573e+00
2.491726e+00
2.484045e+00
2.476283e+00
2.468776e+00
2.461099e+00
2.453765e+00
2.446171e+00
2.439008e+00
2.431498e+00
2.424506e+00
2.417078e+00
2.410257e+00
2.402911e+00
2.396258e+00
2.388994e+00
2.382510e+00
2.375326e+00
2.369009e+00
2.361905e+00
2.355755e+00
2.348731e+00
2.342747e+00
2.335801e+00
2.329983e+00
2.323115e+00
2.317461e+00
2.310671e+00
2.305181e+00
2.298468e+00
2.293142e+00
2.286505e+00
2.281341e+00
2.274780e+00
2.269778e+00
2.263292e+00
2.258451e+00
2.252040e+00
2.247359e+00
2.241023e+00
2.236502e+00
2.230239e+00
2.225878e+00
2.219688e+00
2.215486e+00
2.209369e+00
2.205324e+00
2.199279e+00
2.195392e+00
2.189420e+00
2.185689e+00
2.179788e+00
2.176214e+00
2.170384e+00
2.166966e+00
2.161206e+00
2.157943e+00
2.152253e+00
2.149145e+00
2.143525e+00
2.140571e+00
2.135020e+00
2.132220e+00
2.126738e+00
2.124092e+00
2.118678e+00
2.116184e+00
2.110838e+00
2.108497e+00
2.103219e+00
2.101030e+00
2.095820e+00
2.093782e+00
2.088638e+00
2.086752e+00
2.081675e+00
2.079939e+00
2.074929e+00
2.073343e+00
2.068399e+00
2.066964e+00
2.062085e+00
2.060799e+00
2.055986e+00
2.054849e+00
2.050101e+00
2.049114e+00
2.044431e+00
2.043592e+00
2.038973e+00
2.038283e+00
2.033729e+00
2.033186e+00
2.028696e+00
2.028301e+00
2.023875e+00
2.023628e+00
2.019265e+00
2.019165e+00
2.014866e+00
2.014913e+00
2.010677e+00
2.010871e+00
2.006698e+00
2.007038e+00
2.002929e+00
2.003415e+00
1.999368e+00
Node Locations: 
6.875000e-03
1.250000e-02
1.937500e-02
2.500000e-02
3.187500e-02
3.750000e-02
4.437500e-02
5.000000e-02
5.687500e-02
6.250000e-02
6.937500e-02
7.500000e-02
8.187500e-02
8.750000e-02
9.437500e-02
1.000000e-01
1.068750e-01
1.125000e-01
1.193750e-01
1.250000e-01
1.318750e-01
1.375000e-01
1.443750e-01
1.500000e-01
1.568750e-01
1.625000e-01
1.693750e-01
1.750000e-01
1.818750e-01
1.875000e-01
1.943750e-01
2.000000e-01
2.068750e-01
2.125000e-01
2.193750e-01
2.250000e-01
2.318750e-01
2.375000e-01
2.443750e-01
2.500000e-01
2.568750e-01
2.625000e-01
2.693750e-01
2.750000e-01
2.818750e-01
2.875000e-01
2.943750e-01
3.000000e-01
3.068750e-01
3.125000e-01
3.193750e-01
3.250000e-01
3.318750e-01
3.375000e-01
3.443750e-01
3.500000e-01
3.568750e-01
3.625000e-01
3.693750e-01
3.750000e-01
3.818750e-01
3.875000e-01
3.943750e-01
4.000000e-01
4.068750e-01
4.125000e-01
4.193750e-01
4.250000e-01
4.318750e-01
4.375000e-01
4.443750e-01
4.500000e-01
4.568750e-01
4.625000e-01
4.693750e-01
4.750000e-01
4.818750e-01
4.875000e-01
4.943750e-01
5.000000e-01
5.068750e-01
5.125000e-01
5.193750e-01
5.250000e-01
5.318750e-01
5.375000e-01
5.443750e-01
5.500000e-01
5.568750e-01
5.625000e-01
5.693750e-01
5.750000e-01
5.818750e-01
5.875000e-01
5.943750e-01
6.000000e-01
6.068750e-01
6.125000e-01
6.193750e-01
6.250000e-01
6.318750e-01
6.375000e-01
6.443750e-01
6.500000e-01
6.568750e-01
6.625000e-01
6.693750e-01
6.750000e-01
6.818750e-01
6.875000e-01
6.943750e-01
7.000000e-01
7.068750e-01
7.125000e-01
7.193750e-01
7.250000e-01
7.318750e-01
7.375000e-01
7.443750e-01
7.500000e-01
7.568750e-01
7.625000e-01
7.693750e-01
7.750000e-01
7.818750e-01
7.875000e-01
7.943750e-01
8.000000e-01
8.068750e-01
8.125000e-01
8.193750e-01
8.250000e-01
8.318750e-01
8.375000e-01
8.443750e-01
8.500000e-01
8.568750e-01
8.625000e-01
8.693750e-01
8.750000e-01
8.818750e-01
8.875000e-01
8.943750e-01
9.000000e-01
9.068750e-01
9.125000e-01
9.193750e-01
9.250000e-01
9.318750e-01
9.375000e-01
9.443750e-01
9.500000e-01
9.568750e-01
9.625000e-01
9.693750e-01
9.750000e-01
9.818750e-01
9.875000e-01
9.943750e-01
L2 Error: 
3.831430e-01
2.704644e-01
1.912960e-01
1.353213e-01
9.571245e-02
6.768923e-02
L2 Order: 
0.000000e+00
5.024443e-01
4.996315e-01
4.994185e-01
4.996100e-01
4.997802e-01
Linf Error: 
2.837704e+00
2.917944e+00
2.958735e+00
2.979307e+00
2.989638e+00
2.994815e+00
Linf Order: 
0.000000e+00
-4.022797e-02
-2.002813e-02
-9.996263e-03
-4.994151e-03
-2.496140e-03
Energy Error: 
3.483118e+00
4.917534e+00
6.956220e+00
9.841546e+00
1.392181e+01
1.969141e+01
NRG Order: 
0.000000e+00
-4.975557e-01
-5.003685e-01
-5.005815e-01
-5.003900e-01
-5.002198e-01
Error with 320 elements:
2.994815e+00
2.988508e+00
2.983351e+00
2.977094e+00
2.971964e+00
2.965758e+00
2.960654e+00
2.954499e+00
2.949422e+00
2.943317e+00
2.938267e+00
2.932211e+00
2.927188e+00
2.921182e+00
2.916185e+00
2.910229e+00
2.905258e+00
2.899351e+00
2.894407e+00
2.888549e+00
2.883631e+00
2.877823e+00
2.872931e+00
2.867171e+00
2.862305e+00
2.856594e+00
2.851753e+00
2.846092e+00
2.841276e+00
2.835663e+00
2.830873e+00
2.825308e+00
2.820544e+00
2.815027e+00
2.810288e+00
2.804820e+00
2.800105e+00
2.794685e+00
2.789996e+00
2.784623e+00
2.779959e+00
2.774634e+00
2.769994e+00
2.764716e+00
2.760101e+00
2.754871e+00
2.750281e+00
2.745098e+00
2.740532e+00
2.735396e+00
2.730854e+00
2.725765e+00
2.721247e+00
2.716205e+00
2.711712e+00
2.706716e+00
2.702247e+00
2.697298e+00
2.692852e+00
2.687950e+00
2.683528e+00
2.678671e+00
2.674273e+00
2.669463e+00
2.665088e+00
2.660324e+00
2.655972e+00
2.651254e+00
2.646926e+00
2.642254e+00
2.637949e+00
2.633322e+00
2.629040e+00
2.624459e+00
2.620200e+00
2.615664e+00
2.611428e+00
2.606937e+00
2.602724e+00
2.598278e+00
2.594087e+00
2.589687e+00
2.585519e+00
2.581163e+00
2.577017e+00
2.572707e+00
2.568583e+00
2.564317e+00
2.560216e+00
2.555994e+00
2.551915e+00
2.547738e+00
2.543681e+00
2.539548e+00
2.535513e+00
2.531424e+00
2.527411e+00
2.523367e+00
2.519375e+00
2.515375e+00
2.511405e+00
2.507448e+00
2.503500e+00
2.499587e+00
2.495660e+00
2.491791e+00
2.487886e+00
2.484059e+00
2.480176e+00
2.476393e+00
2.472530e+00
2.468791e+00
2.464949e+00
2.461253e+00
2.457433e+00
2.453779e+00
2.449980e+00
2.446369e+00
2.442591e+00
2.439023e+00
2.435266e+00
2.431741e+00
2.428004e+00
2.424522e+00
2.420805e+00
2.417366e+00
2.413670e+00
2.410272e+00
2.406597e+00
2.403242e+00
2.399587e+00
2.396274e+00
2.392640e+00
2.389369e+00
2.385754e+00
2.382526e+00
2.378931e+00
2.375745e+00
2.372170e+00
2.369026e+00
2.365471e+00
2.362368e+00
2.358834e+00
2.355772e+00
2.352257e+00
2.349237e+00
2.345743e+00
2.342764e+00
2.339289e+00
2.336352e+00
2.332896e+00
2.330000e+00
2.326564e+00
2.323709e+00
2.320292e+00
2.317479e+00
2.314081e+00
2.311309e+00
2.307931e+00
2.305199e+00
2.301840e+00
2.299149e+00
2.295809e+00
2.293159e+00
2.289839e+00
2.287229e+00
2.283928e+00
2.281358e+00
2.278076e+00
2.275547e+00
2.272284e+00
2.269795e+00
2.266550e+00
2.264102e+00
2.260876e+00
2.258469e+00
2.255261e+00
2.252894e+00
2.249705e+00
2.247377e+00
2.244207e+00
2.241919e+00
2.238768e+00
2.236520e+00
2.233387e+00
2.231179e+00
2.228064e+00
2.225896e+00
2.222799e+00
2.220671e+00
2.217592e+00
2.215503e+00
2.212443e+00
2.210394e+00
2.207352e+00
2.205342e+00
2.202318e+00
2.200347e+00
2.197341e+00
2.195410e+00
2.192422e+00
2.190530e+00
2.187560e+00
2.185707e+00
2.182754e+00
2.180941e+00
2.178006e+00
2.176232e+00
2.173314e+00
2.171579e+00
2.168679e+00
2.166983e+00
2.164101e+00
2.162443e+00
2.159579e+00
2.157960e+00
2.155113e+00
2.153533e+00
2.150704e+00
2.149162e+00
2.146350e+00
2.144847e+00
2.142052e+00
2.140588e+00
2.137810e+00
2.136384e+00
2.133624e+00
2.132237e+00
2.129494e+00
2.128144e+00
2.125419e+00
2.124108e+00
2.121399e+00
2.120126e+00
2.117434e+00
2.116200e+00
2.113525e+00
2.112329e+00
2.109671e+00
2.108513e+00
2.105872e+00
2.104751e+00
2.102128e+00
2.101045e+00
2.098438e+00
2.097393e+00
2.094803e+00
2.093796e+00
2.091223e+00
2.090254e+00
2.087697e+00
2.086766e+00
2.084226e+00
2.083332e+00
2.080809e+00
2.079953e+00
2.077446e+00
2.076627e+00
2.074137e+00
2.073356e+00
2.070882e+00
2.070139e+00
2.067682e+00
2.066976e+00
2.064535e+00
2.063866e+00
2.061442e+00
2.060811e+00
2.058402e+00
2.057809e+00
2.055417e+00
2.054860e+00
2.052485e+00
2.051966e+00
2.049606e+00
2.049124e+00
2.046781e+00
2.046336e+00
2.044009e+00
2.043601e+00
2.041290e+00
2.040920e+00
2.038625e+00
2.038291e+00
2.036013e+00
2.035716e+00
2.033454e+00
2.033194e+00
2.030947e+00
2.030725e+00
2.028494e+00
2.028308e+00
2.026094e+00
2.025945e+00
2.023746e+00
2.023634e+00
2.021451e+00
2.021376e+00
2.019209e+00
2.019170e+00
2.017019e+00
2.017018e+00
2.014882e+00
2.014917e+00
2.012798e+00
2.012869e+00
2.010766e+00
2.010874e+00
2.008786e+00
2.008931e+00
2.006859e+00
2.007040e+00
2.004984e+00
2.005202e+00
2.003161e+00
2.003416e+00
2.001391e+00
2.001682e+00
1.999672e+00
Abs(Error) with 320 elements:
2.994815e+00
2.988508e+00
2.983351e+00
2.977094e+00
2.971964e+00
2.965758e+00
2.960654e+00
2.954499e+00
2.949422e+00
2.943317e+00
2.938267e+00
2.932211e+00
2.927188e+00
2.921182e+00
2.916185e+00
2.910229e+00
2.905258e+00
2.899351e+00
2.894407e+00
2.888549e+00
2.883631e+00
2.877823e+00
2.872931e+00
2.867171e+00
2.862305e+00
2.856594e+00
2.851753e+00
2.846092e+00
2.841276e+00
2.835663e+00
2.830873e+00
2.825308e+00
2.820544e+00
2.815027e+00
2.810288e+00
2.804820e+00
2.800105e+00
2.794685e+00
2.789996e+00
2.784623e+00
2.779959e+00
2.774634e+00
2.769994e+00
2.764716e+00
2.760101e+00
2.754871e+00
2.750281e+00
2.745098e+00
2.740532e+00
2.735396e+00
2.730854e+00
2.725765e+00
2.721247e+00
2.716205e+00
2.711712e+00
2.706716e+00
2.702247e+00
2.697298e+00
2.692852e+00
2.687950e+00
2.683528e+00
2.678671e+00
2.674273e+00
2.669463e+00
2.665088e+00
2.660324e+00
2.655972e+00
2.651254e+00
2.646926e+00
2.642254e+00
2.637949e+00
2.633322e+00
2.629040e+00
2.624459e+00
2.620200e+00
2.615664e+00
2.611428e+00
2.606937e+00
2.602724e+00
2.598278e+00
2.594087e+00
2.589687e+00
2.585519e+00
2.581163e+00
2.577017e+00
2.572707e+00
2.568583e+00
2.564317e+00
2.560216e+00
2.555994e+00
2.551915e+00
2.547738e+00
2.543681e+00
2.539548e+00
2.535513e+00
2.531424e+00
2.527411e+00
2.523367e+00
2.519375e+00
2.515375e+00
2.511405e+00
2.507448e+00
2.503500e+00
2.499587e+00
2.495660e+00
2.491791e+00
2.487886e+00
2.484059e+00
2.480176e+00
2.476393e+00
2.472530e+00
2.468791e+00
2.464949e+00
2.461253e+00
2.457433e+00
2.453779e+00
2.449980e+00
2.446369e+00
2.442591e+00
2.439023e+00
2.435266e+00
2.431741e+00
2.428004e+00
2.424522e+00
2.420805e+00
2.417366e+00
2.413670e+00
2.410272e+00
2.406597e+00
2.403242e+00
2.399587e+00
2.396274e+00
2.392640e+00
2.389369e+00
2.385754e+00
2.382526e+00
2.378931e+00
2.375745e+00
2.372170e+00
2.369026e+00
2.365471e+00
2.362368e+00
2.358834e+00
2.355772e+00
2.352257e+00
2.349237e+00
2.345743e+00
2.342764e+00
2.339289e+00
2.336352e+00
2.332896e+00
2.330000e+00
2.326564e+00
2.323709e+00
2.320292e+00
2.317479e+00
2.314081e+00
2.311309e+00
2.307931e+00
2.305199e+00
2.301840e+00
2.299149e+00
2.295809e+00
2.293159e+00
2.289839e+00
2.287229e+00
2.283928e+00
2.281358e+00
2.278076e+00
2.275547e+00
2.272284e+00
2.269795e+00
2.266550e+00
2.264102e+00
2.260876e+00
2.258469e+00
2.255261e+00
2.252894e+00
2.249705e+00
2.247377e+00
2.244207e+00
2.241919e+00
2.238768e+00
2.236520e+00
2.233387e+00
2.231179e+00
2.228064e+00
2.225896e+00
2.222799e+00
2.220671e+00
2.217592e+00
2.215503e+00
2.212443e+00
2.210394e+00
2.207352e+00
2.205342e+00
2.202318e+00
2.200347e+00
2.197341e+00
2.195410e+00
2.192422e+00
2.190530e+00
2.187560e+00
2.185707e+00
2.182754e+00
2.180941e+00
2.178006e+00
2.176232e+00
2.173314e+00
2.171579e+00
2.168679e+00
2.166983e+00
2.164101e+00
2.162443e+00
2.159579e+00
2.157960e+00
2.155113e+00
2.153533e+00
2.150704e+00
2.149162e+00
2.146350e+00
2.144847e+00
2.142052e+00
2.140588e+00
2.137810e+00
2.136384e+00
2.133624e+00
2.132237e+00
2.129494e+00
2.128144e+00
2.125419e+00
2.124108e+00
2.121399e+00
2.120126e+00
2.117434e+00
2.116200e+00
2.113525e+00
2.112329e+00
2.109671e+00
2.108513e+00
2.105872e+00
2.104751e+00
2.102128e+00
2.101045e+00
2.098438e+00
2.097393e+00
2.094803e+00
2.093796e+00
2.091223e+00
2.090254e+00
2.087697e+00
2.086766e+00
2.084226e+00
2.083332e+00
2.080809e+00
2.079953e+00
2.077446e+00
2.076627e+00
2.074137e+00
2.073356e+00
2.070882e+00
2.070139e+00
2.067682e+00
2.066976e+00
2.064535e+00
2.063866e+00
2.061442e+00
2.060811e+00
2.058402e+00
2.057809e+00
2.055417e+00
2.054860e+00
2.052485e+00
2.051966e+00
2.049606e+00
2.049124e+00
2.046781e+00
2.046336e+00
2.044009e+00
2.043601e+00
2.041290e+00
2.040920e+00
2.038625e+00
2.038291e+00
2.036013e+00
2.035716e+00
2.033454e+00
2.033194e+00
2.030947e+00
2.030725e+00
2.028494e+00
2.028308e+00
2.026094e+00
2.025945e+00
2.023746e+00
2.023634e+00
2.021451e+00
2.021376e+00
2.019209e+00
2.019170e+00
2.017019e+00
2.017018e+00
2.014882e+00
2.014917e+00
2.012798e+00
2.012869e+00
2.010766e+00
2.010874e+00
2.008786e+00
2.008931e+00
2.006859e+00
2.007040e+00
2.004984e+00
2.005202e+00
2.003161e+00
2.003416e+00
2.001391e+00
2.001682e+00
1.999672e+00
Node Locations: 
3.437500e-03
6.250000e-03
9.687500e-03
1.250000e-02
1.593750e-02
1.875000e-02
2.218750e-02
2.500000e-02
2.843750e-02
3.125000e-02
3.468750e-02
3.750000e-02
4.093750e-02
4.375000e-02
4.718750e-02
5.000000e-02
5.343750e-02
5.625000e-02
5.968750e-02
6.250000e-02
6.593750e-02
6.875000e-02
7.218750e-02
7.500000e-02
7.843750e-02
8.125000e-02
8.468750e-02
8.750000e-02
9.093750e-02
9.375000e-02
9.718750e-02
1.000000e-01
1.034375e-01
1.062500e-01
1.096875e-01
1.125000e-01
1.159375e-01
1.187500e-01
1.221875e-01
1.250000e-01
1.284375e-01
1.312500e-01
1.346875e-01
1.375000e-01
1.409375e-01
1.437500e-01
1.471875e-01
1.500000e-01
1.534375e-01
1.562500e-01
1.596875e-01
1.625000e-01
1.659375e-01
1.687500e-01
1.721875e-01
1.750000e-01
1.784375e-01
1.812500e-01
1.846875e-01
1.875000e-01
1.909375e-01
1.937500e-01
1.971875e-01
2.000000e-01
2.034375e-01
2.062500e-01
2.096875e-01
2.125000e-01
2.159375e-01
2.187500e-01
2.221875e-01
2.250000e-01
2.284375e-01
2.312500e-01
2.346875e-01
2.375000e-01
2.409375e-01
2.437500e-01
2.471875e-01
2.500000e-01
2.534375e-01
2.562500e-01
2.596875e-01
2.625000e-01
2.659375e-01
2.687500e-01
2.721875e-01
2.750000e-01
2.784375e-01
2.812500e-01
2.846875e-01
2.875000e-01
2.909375e-01
2.937500e-01
2.971875e-01
3.000000e-01
3.034375e-01
3.062500e-01
3.096875e-01
3.125000e-01
3.159375e-01
3.187500e-01
3.221875e-01
3.250000e-01
3.284375e-01
3.312500e-01
3.346875e-01
3.375000e-01
3.409375e-01
3.437500e-01
3.471875e-01
3.500000e-01
3.534375e-01
3.562500e-01
3.596875e-01
3.625000e-01
3.659375e-01
3.687500e-01
3.721875e-01
3.750000e-01
3.784375e-01
3.812500e-01
3.846875e-01
3.875000e-01
3.909375e-01
3.937500e-01
3.971875e-01
4.000000e-01
4.034375e-01
4.062500e-01
4.096875e-01
4.125000e-01
4.159375e-01
4.187500e-01
4.221875e-01
4.250000e-01
4.284375e-01
4.312500e-01
4.346875e-01
4.375000e-01
4.409375e-01
4.437500e-01
4.471875e-01
4.500000e-01
4.534375e-01
4.562500e-01
4.596875e-01
4.625000e-01
4.659375e-01
4.687500e-01
4.721875e-01
4.750000e-01
4.784375e-01
4.812500e-01
4.846875e-01
4.875000e-01
4.909375e-01
4.937500e-01
4.971875e-01
5.000000e-01
5.034375e-01
5.062500e-01
5.096875e-01
5.125000e-01
5.159375e-01
5.187500e-01
5.221875e-01
5.250000e-01
5.284375e-01
5.312500e-01
5.346875e-01
5.375000e-01
5.409375e-01
5.437500e-01
5.471875e-01
5.500000e-01
5.534375e-01
5.562500e-01
5.596875e-01
5.625000e-01
5.659375e-01
5.687500e-01
5.721875e-01
5.750000e-01
5.784375e-01
5.812500e-01
5.846875e-01
5.875000e-01
5.909375e-01
5.937500e-01
5.971875e-01
6.000000e-01
6.034375e-01
6.062500e-01
6.096875e-01
6.125000e-01
6.159375e-01
6.187500e-01
6.221875e-01
6.250000e-01
6.284375e-01
6.312500e-01
6.346875e-01
6.375000e-01
6.409375e-01
6.437500e-01
6.471875e-01
6.500000e-01
6.534375e-01
6.562500e-01
6.596875e-01
6.625000e-01
6.659375e-01
6.687500e-01
6.721875e-01
6.750000e-01
6.784375e-01
6.812500e-01
6.846875e-01
6.875000e-01
6.909375e-01
6.937500e-01
6.971875e-01
7.000000e-01
7.034375e-01
7.062500e-01
7.096875e-01
7.125000e-01
7.159375e-01
7.187500e-01
7.221875e-01
7.250000e-01
7.284375e-01
7.312500e-01
7.346875e-01
7.375000e-01
7.409375e-01
7.437500e-01
7.471875e-01
7.500000e-01
7.534375e-01
7.562500e-01
7.596875e-01
7.625000e-01
7.659375e-01
7.687500e-01
7.721875e-01
7.750000e-01
7.784375e-01
7.812500e-01
7.846875e-01
7.875000e-01
7.909375e-01
7.937500e-01
7.971875e-01
8.000000e-01
8.034375e-01
8.062500e-01
8.096875e-01
8.125000e-01
8.159375e-01
8.187500e-01
8.221875e-01
8.250000e-01
8.284375e-01
8.312500e-01
8.346875e-01
8.375000e-01
8.409375e-01
8.437500e-01
8.471875e-01
8.500000e-01
8.534375e-01
8.562500e-01
8.596875e-01
8.625000e-01
8.659375e-01
8.687500e-01
8.721875e-01
8.750000e-01
8.784375e-01
8.812500e-01
8.846875e-01
8.875000e-01
8.909375e-01
8.937500e-01
8.971875e-01
9.000000e-01
9.034375e-01
9.062500e-01
9.096875e-01
9.125000e-01
9.159375e-01
9.187500e-01
9.221875e-01
9.250000e-01
9.284375e-01
9.312500e-01
9.346875e-01
9.375000e-01
9.409375e-01
9.437500e-01
9.471875e-01
9.500000e-01
9.534375e-01
9.562500e-01
9.596875e-01
9.625000e-01
9.659375e-01
9.687500e-01
9.721875e-01
9.750000e-01
9.784375e-01
9.812500e-01
9.846875e-01
9.875000e-01
9.909375e-01
9.937500e-01
9.971875e-01
L2 Error: 
3.831430e-01
2.704644e-01
1.912960e-01
1.353213e-01
9.571245e-02
6.768923e-02
L2 Order: 
0.000000e+00
5.024443e-01
4.996315e-01
4.994185e-01
4.996100e-01
4.997802e-01
Linf Error: 
2.837704e+00
2.917944e+00
2.958735e+00
2.979307e+00
2.989638e+00
2.994815e+00
Linf Order: 
0.000000e+00
-4.022797e-02
-2.002813e-02
-9.996263e-03
-4.994151e-03
-2.496140e-03
Energy Error: 
3.483118e+00
4.917534e+00
6.956220e+00
9.841546e+00
1.392181e+01
1.969141e+01
NRG Order: 
0.000000e+00
-4.975557e-01
-5.003685e-01
-5.005815e-01
-5.003900e-01
-5.002198e-01
