Error with 10 elements:
-3.896897e+00
-3.799442e+00
-3.742559e+00
-3.700486e+00
-3.688301e+00
-3.700486e+00
-3.732674e+00
-3.799442e+00
-3.876863e+00
Abs(Error) with 10 elements:
3.896897e+00
3.799442e+00
3.742559e+00
3.700486e+00
3.688301e+00
3.700486e+00
3.732674e+00
3.799442e+00
3.876863e+00
Node Locations: 
1.100000e-01
2.000000e-01
3.100000e-01
4.000000e-01
5.100000e-01
6.000000e-01
7.100000e-01
8.000000e-01
9.100000e-01
L2 Error: 
7.423628e-01
5.327322e-01
3.797393e-01
2.696418e-01
1.910725e-01
1.352541e-01
L2 Order: 
0.000000e+00
4.787139e-01
4.884012e-01
4.939652e-01
4.969242e-01
4.984475e-01
Linf Error: 
3.896897e+00
3.945805e+00
3.972235e+00
3.985950e+00
3.992933e+00
3.996456e+00
Linf Order: 
0.000000e+00
-1.799395e-02
-9.631217e-03
-4.972516e-03
-2.525277e-03
-1.272367e-03
Energy Error: 
6.748753e+00
9.686040e+00
1.380870e+01
1.961031e+01
2.779236e+01
3.934665e+01
NRG Order: 
0.000000e+00
-5.212861e-01
-5.115988e-01
-5.060348e-01
-5.030758e-01
-5.015525e-01
Error with 20 elements:
-3.945805e+00
-3.886796e+00
-3.844353e+00
-3.799523e+00
-3.768548e+00
-3.737597e+00
-3.717884e+00
-3.700606e+00
-3.692024e+00
-3.688304e+00
-3.690794e+00
-3.700606e+00
-3.714186e+00
-3.737597e+00
-3.762357e+00
-3.799523e+00
-3.835628e+00
-3.886796e+00
-3.934488e+00
Abs(Error) with 20 elements:
3.945805e+00
3.886796e+00
3.844353e+00
3.799523e+00
3.768548e+00
3.737597e+00
3.717884e+00
3.700606e+00
3.692024e+00
3.688304e+00
3.690794e+00
3.700606e+00
3.714186e+00
3.737597e+00
3.762357e+00
3.799523e+00
3.835628e+00
3.886796e+00
3.934488e+00
Node Locations: 
5.500000e-02
1.000000e-01
1.550000e-01
2.000000e-01
2.550000e-01
3.000000e-01
3.550000e-01
4.000000e-01
4.550000e-01
5.000000e-01
5.550000e-01
6.000000e-01
6.550000e-01
7.000000e-01
7.550000e-01
8.000000e-01
8.550000e-01
9.000000e-01
9.550000e-01
L2 Error: 
7.423628e-01
5.327322e-01
3.797393e-01
2.696418e-01
1.910725e-01
1.352541e-01
L2 Order: 
0.000000e+00
4.787139e-01
4.884012e-01
4.939652e-01
4.969242e-01
4.984475e-01
Linf Error: 
3.896897e+00
3.945805e+00
3.972235e+00
3.985950e+00
3.992933e+00
3.996456e+00
Linf Order: 
0.000000e+00
-1.799395e-02
-9.631217e-03
-4.972516e-03
-2.525277e-03
-1.272367e-03
Energy Error: 
6.748753e+00
9.686040e+00
1.380870e+01
1.961031e+01
2.779236e+01
3.934665e+01
NRG Order: 
0.000000e+00
-5.212861e-01
-5.115988e-01
-5.060348e-01
-5.030758e-01
-5.015525e-01
Error with 40 elements:
-3.972235e+00
-3.940120e+00
-3.915322e+00
-3.886808e+00
-3.864936e+00
-3.839975e+00
-3.820993e+00
-3.799543e+00
-3.783419e+00
-3.765445e+00
-3.752152e+00
-3.737624e+00
-3.727139e+00
-3.716033e+00
-3.708340e+00
-3.700636e+00
-3.695722e+00
-3.691409e+00
-3.689265e+00
-3.688335e+00
-3.688957e+00
-3.691409e+00
-3.694799e+00
-3.700636e+00
-3.706800e+00
-3.716033e+00
-3.724980e+00
-3.737624e+00
-3.749370e+00
-3.765445e+00
-3.780009e+00
-3.799543e+00
-3.816950e+00
-3.839975e+00
-3.860253e+00
-3.886808e+00
-3.909991e+00
-3.940120e+00
-3.966247e+00
Abs(Error) with 40 elements:
3.972235e+00
3.940120e+00
3.915322e+00
3.886808e+00
3.864936e+00
3.839975e+00
3.820993e+00
3.799543e+00
3.783419e+00
3.765445e+00
3.752152e+00
3.737624e+00
3.727139e+00
3.716033e+00
3.708340e+00
3.700636e+00
3.695722e+00
3.691409e+00
3.689265e+00
3.688335e+00
3.688957e+00
3.691409e+00
3.694799e+00
3.700636e+00
3.706800e+00
3.716033e+00
3.724980e+00
3.737624e+00
3.749370e+00
3.765445e+00
3.780009e+00
3.799543e+00
3.816950e+00
3.839975e+00
3.860253e+00
3.886808e+00
3.909991e+00
3.940120e+00
3.966247e+00
Node Locations: 
2.750000e-02
5.000000e-02
7.750000e-02
1.000000e-01
1.275000e-01
1.500000e-01
1.775000e-01
2.000000e-01
2.275000e-01
2.500000e-01
2.775000e-01
3.000000e-01
3.275000e-01
3.500000e-01
3.775000e-01
4.000000e-01
4.275000e-01
4.500000e-01
4.775000e-01
5.000000e-01
5.275000e-01
5.500000e-01
5.775000e-01
6.000000e-01
6.275000e-01
6.500000e-01
6.775000e-01
7.000000e-01
7.275000e-01
7.500000e-01
7.775000e-01
8.000000e-01
8.275000e-01
8.500000e-01
8.775000e-01
9.000000e-01
9.275000e-01
9.500000e-01
9.775000e-01
L2 Error: 
7.423628e-01
5.327322e-01
3.797393e-01
2.696418e-01
1.910725e-01
1.352541e-01
L2 Order: 
0.000000e+00
4.787139e-01
4.884012e-01
4.939652e-01
4.969242e-01
4.984475e-01
Linf Error: 
3.896897e+00
3.945805e+00
3.972235e+00
3.985950e+00
3.992933e+00
3.996456e+00
Linf Order: 
0.000000e+00
-1.799395e-02
-9.631217e-03
-4.972516e-03
-2.525277e-03
-1.272367e-03
Energy Error: 
6.748753e+00
9.686040e+00
1.380870e+01
1.961031e+01
2.779236e+01
3.934665e+01
NRG Order: 
0.000000e+00
-5.212861e-01
-5.115988e-01
-5.060348e-01
-5.030758e-01
-5.015525e-01
Error with 80 elements:
-3.985950e+00
-3.969234e+00
-3.955929e+00
-3.940121e+00
-3.927557e+00
-3.912651e+00
-3.900822e+00
-3.886811e+00
-3.875712e+00
-3.862590e+00
-3.852217e+00
-3.839979e+00
-3.830327e+00
-3.818968e+00
-3.810033e+00
-3.799548e+00
-3.791326e+00
-3.781712e+00
-3.774200e+00
-3.765451e+00
-3.758646e+00
-3.750759e+00
-3.744658e+00
-3.737630e+00
-3.732231e+00
-3.726059e+00
-3.721359e+00
-3.716040e+00
-3.712037e+00
-3.707570e+00
-3.704262e+00
-3.700644e+00
-3.698031e+00
-3.695260e+00
-3.693340e+00
-3.691417e+00
-3.690189e+00
-3.689111e+00
-3.688575e+00
-3.688343e+00
-3.688498e+00
-3.689111e+00
-3.689958e+00
-3.691417e+00
-3.692956e+00
-3.695260e+00
-3.697492e+00
-3.700644e+00
-3.703570e+00
-3.707570e+00
-3.711190e+00
-3.716040e+00
-3.720357e+00
-3.726059e+00
-3.731074e+00
-3.737630e+00
-3.743345e+00
-3.750759e+00
-3.757177e+00
-3.765451e+00
-3.772574e+00
-3.781712e+00
-3.789543e+00
-3.799548e+00
-3.808091e+00
-3.818968e+00
-3.828226e+00
-3.839979e+00
-3.849955e+00
-3.862590e+00
-3.873290e+00
-3.886811e+00
-3.898238e+00
-3.912651e+00
-3.924810e+00
-3.940121e+00
-3.953018e+00
-3.969234e+00
-3.982873e+00
Abs(Error) with 80 elements:
3.985950e+00
3.969234e+00
3.955929e+00
3.940121e+00
3.927557e+00
3.912651e+00
3.900822e+00
3.886811e+00
3.875712e+00
3.862590e+00
3.852217e+00
3.839979e+00
3.830327e+00
3.818968e+00
3.810033e+00
3.799548e+00
3.791326e+00
3.781712e+00
3.774200e+00
3.765451e+00
3.758646e+00
3.750759e+00
3.744658e+00
3.737630e+00
3.732231e+00
3.726059e+00
3.721359e+00
3.716040e+00
3.712037e+00
3.707570e+00
3.704262e+00
3.700644e+00
3.698031e+00
3.695260e+00
3.693340e+00
3.691417e+00
3.690189e+00
3.689111e+00
3.688575e+00
3.688343e+00
3.688498e+00
3.689111e+00
3.689958e+00
3.691417e+00
3.692956e+00
3.695260e+00
3.697492e+00
3.700644e+00
3.703570e+00
3.707570e+00
3.711190e+00
3.716040e+00
3.720357e+00
3.726059e+00
3.731074e+00
3.737630e+00
3.743345e+00
3.750759e+00
3.757177e+00
3.765451e+00
3.772574e+00
3.781712e+00
3.789543e+00
3.799548e+00
3.808091e+00
3.818968e+00
3.828226e+00
3.839979e+00
3.849955e+00
3.862590e+00
3.873290e+00
3.886811e+00
3.898238e+00
3.912651e+00
3.924810e+00
3.940121e+00
3.953018e+00
3.969234e+00
3.982873e+00
Node Locations: 
1.375000e-02
2.500000e-02
3.875000e-02
5.000000e-02
6.375000e-02
7.500000e-02
8.875000e-02
1.000000e-01
1.137500e-01
1.250000e-01
1.387500e-01
1.500000e-01
1.637500e-01
1.750000e-01
1.887500e-01
2.000000e-01
2.137500e-01
2.250000e-01
2.387500e-01
2.500000e-01
2.637500e-01
2.750000e-01
2.887500e-01
3.000000e-01
3.137500e-01
3.250000e-01
3.387500e-01
3.500000e-01
3.637500e-01
3.750000e-01
3.887500e-01
4.000000e-01
4.137500e-01
4.250000e-01
4.387500e-01
4.500000e-01
4.637500e-01
4.750000e-01
4.887500e-01
5.000000e-01
5.137500e-01
5.250000e-01
5.387500e-01
5.500000e-01
5.637500e-01
5.750000e-01
5.887500e-01
6.000000e-01
6.137500e-01
6.250000e-01
6.387500e-01
6.500000e-01
6.637500e-01
6.750000e-01
6.887500e-01
7.000000e-01
7.137500e-01
7.250000e-01
7.387500e-01
7.500000e-01
7.637500e-01
7.750000e-01
7.887500e-01
8.000000e-01
8.137500e-01
8.250000e-01
8.387500e-01
8.500000e-01
8.637500e-01
8.750000e-01
8.887500e-01
9.000000e-01
9.137500e-01
9.250000e-01
9.387500e-01
9.500000e-01
9.637500e-01
9.750000e-01
9.887500e-01
L2 Error: 
7.423628e-01
5.327322e-01
3.797393e-01
2.696418e-01
1.910725e-01
1.352541e-01
L2 Order: 
0.000000e+00
4.787139e-01
4.884012e-01
4.939652e-01
4.969242e-01
4.984475e-01
Linf Error: 
3.896897e+00
3.945805e+00
3.972235e+00
3.985950e+00
3.992933e+00
3.996456e+00
Linf Order: 
0.000000e+00
-1.799395e-02
-9.631217e-03
-4.972516e-03
-2.525277e-03
-1.272367e-03
Energy Error: 
6.748753e+00
9.686040e+00
1.380870e+01
1.961031e+01
2.779236e+01
3.934665e+01
NRG Order: 
0.000000e+00
-5.212861e-01
-5.115988e-01
-5.060348e-01
-5.030758e-01
-5.015525e-01
Error with 160 elements:
-3.992933e+00
-3.984409e+00
-3.977529e+00
-3.969234e+00
-3.962540e+00
-3.954472e+00
-3.947964e+00
-3.940122e+00
-3.933798e+00
-3.926182e+00
-3.920043e+00
-3.912651e+00
-3.906696e+00
-3.899528e+00
-3.893756e+00
-3.886811e+00
-3.881221e+00
-3.874499e+00
-3.869091e+00
-3.862591e+00
-3.857364e+00
-3.851085e+00
-3.846038e+00
-3.839980e+00
-3.835113e+00
-3.829275e+00
-3.824588e+00
-3.818969e+00
-3.814461e+00
-3.809061e+00
-3.804732e+00
-3.799549e+00
-3.795399e+00
-3.790434e+00
-3.786461e+00
-3.781713e+00
-3.777917e+00
-3.773386e+00
-3.769767e+00
-3.765452e+00
-3.762010e+00
-3.757911e+00
-3.754645e+00
-3.750761e+00
-3.747671e+00
-3.744001e+00
-3.741087e+00
-3.737632e+00
-3.734893e+00
-3.731652e+00
-3.729088e+00
-3.726061e+00
-3.723671e+00
-3.720857e+00
-3.718642e+00
-3.716042e+00
-3.714001e+00
-3.711613e+00
-3.709747e+00
-3.707571e+00
-3.705879e+00
-3.703916e+00
-3.702397e+00
-3.700646e+00
-3.699300e+00
-3.697762e+00
-3.696589e+00
-3.695262e+00
-3.694263e+00
-3.693148e+00
-3.692322e+00
-3.691419e+00
-3.690766e+00
-3.690074e+00
-3.689594e+00
-3.689113e+00
-3.688806e+00
-3.688537e+00
-3.688403e+00
-3.688345e+00
-3.688383e+00
-3.688537e+00
-3.688748e+00
-3.689113e+00
-3.689498e+00
-3.690074e+00
-3.690631e+00
-3.691419e+00
-3.692149e+00
-3.693148e+00
-3.694052e+00
-3.695262e+00
-3.696339e+00
-3.697762e+00
-3.699012e+00
-3.700646e+00
-3.702070e+00
-3.703916e+00
-3.705513e+00
-3.707571e+00
-3.709342e+00
-3.711613e+00
-3.713558e+00
-3.716042e+00
-3.718161e+00
-3.720857e+00
-3.723151e+00
-3.726061e+00
-3.728529e+00
-3.731652e+00
-3.734295e+00
-3.737632e+00
-3.740450e+00
-3.744001e+00
-3.746995e+00
-3.750761e+00
-3.753930e+00
-3.757911e+00
-3.761256e+00
-3.765452e+00
-3.768974e+00
-3.773386e+00
-3.777085e+00
-3.781713e+00
-3.785589e+00
-3.790434e+00
-3.794487e+00
-3.799549e+00
-3.803781e+00
-3.809061e+00
-3.813470e+00
-3.818969e+00
-3.823558e+00
-3.829275e+00
-3.834043e+00
-3.839980e+00
-3.844928e+00
-3.851085e+00
-3.856213e+00
-3.862591e+00
-3.867900e+00
-3.874499e+00
-3.879990e+00
-3.886811e+00
-3.892484e+00
-3.899528e+00
-3.905383e+00
-3.912651e+00
-3.918690e+00
-3.926182e+00
-3.932404e+00
-3.940122e+00
-3.946529e+00
-3.954472e+00
-3.961064e+00
-3.969234e+00
-3.976012e+00
-3.984409e+00
-3.991374e+00
Abs(Error) with 160 elements:
3.992933e+00
3.984409e+00
3.977529e+00
3.969234e+00
3.962540e+00
3.954472e+00
3.947964e+00
3.940122e+00
3.933798e+00
3.926182e+00
3.920043e+00
3.912651e+00
3.906696e+00
3.899528e+00
3.893756e+00
3.886811e+00
3.881221e+00
3.874499e+00
3.869091e+00
3.862591e+00
3.857364e+00
3.851085e+00
3.846038e+00
3.839980e+00
3.835113e+00
3.829275e+00
3.824588e+00
3.818969e+00
3.814461e+00
3.809061e+00
3.804732e+00
3.799549e+00
3.795399e+00
3.790434e+00
3.786461e+00
3.781713e+00
3.777917e+00
3.773386e+00
3.769767e+00
3.765452e+00
3.762010e+00
3.757911e+00
3.754645e+00
3.750761e+00
3.747671e+00
3.744001e+00
3.741087e+00
3.737632e+00
3.734893e+00
3.731652e+00
3.729088e+00
3.726061e+00
3.723671e+00
3.720857e+00
3.718642e+00
3.716042e+00
3.714001e+00
3.711613e+00
3.709747e+00
3.707571e+00
3.705879e+00
3.703916e+00
3.702397e+00
3.700646e+00
3.699300e+00
3.697762e+00
3.696589e+00
3.695262e+00
3.694263e+00
3.693148e+00
3.692322e+00
3.691419e+00
3.690766e+00
3.690074e+00
3.689594e+00
3.689113e+00
3.688806e+00
3.688537e+00
3.688403e+00
3.688345e+00
3.688383e+00
3.688537e+00
3.688748e+00
3.689113e+00
3.689498e+00
3.690074e+00
3.690631e+00
3.691419e+00
3.692149e+00
3.693148e+00
3.694052e+00
3.695262e+00
3.696339e+00
3.697762e+00
3.699012e+00
3.700646e+00
3.702070e+00
3.703916e+00
3.705513e+00
3.707571e+00
3.709342e+00
3.711613e+00
3.713558e+00
3.716042e+00
3.718161e+00
3.720857e+00
3.723151e+00
3.726061e+00
3.728529e+00
3.731652e+00
3.734295e+00
3.737632e+00
3.740450e+00
3.744001e+00
3.746995e+00
3.750761e+00
3.753930e+00
3.757911e+00
3.761256e+00
3.765452e+00
3.768974e+00
3.773386e+00
3.777085e+00
3.781713e+00
3.785589e+00
3.790434e+00
3.794487e+00
3.799549e+00
3.803781e+00
3.809061e+00
3.813470e+00
3.818969e+00
3.823558e+00
3.829275e+00
3.834043e+00
3.839980e+00
3.844928e+00
3.851085e+00
3.856213e+00
3.862591e+00
3.867900e+00
3.874499e+00
3.879990e+00
3.886811e+00
3.892484e+00
3.899528e+00
3.905383e+00
3.912651e+00
3.918690e+00
3.926182e+00
3.932404e+00
3.940122e+00
3.946529e+00
3.954472e+00
3.961064e+00
3.969234e+00
3.976012e+00
3.984409e+00
3.991374e+00
Node Locations: 
6.875000e-03
1.250000e-02
1.937500e-02
2.500000e-02
3.187500e-02
3.750000e-02
4.437500e-02
5.000000e-02
5.687500e-02
6.250000e-02
6.937500e-02
7.500000e-02
8.187500e-02
8.750000e-02
9.437500e-02
1.000000e-01
1.068750e-01
1.125000e-01
1.193750e-01
1.250000e-01
1.318750e-01
1.375000e-01
1.443750e-01
1.500000e-01
1.568750e-01
1.625000e-01
1.693750e-01
1.750000e-01
1.818750e-01
1.875000e-01
1.943750e-01
2.000000e-01
2.068750e-01
2.125000e-01
2.193750e-01
2.250000e-01
2.318750e-01
2.375000e-01
2.443750e-01
2.500000e-01
2.568750e-01
2.625000e-01
2.693750e-01
2.750000e-01
2.818750e-01
2.875000e-01
2.943750e-01
3.000000e-01
3.068750e-01
3.125000e-01
3.193750e-01
3.250000e-01
3.318750e-01
3.375000e-01
3.443750e-01
3.500000e-01
3.568750e-01
3.625000e-01
3.693750e-01
3.750000e-01
3.818750e-01
3.875000e-01
3.943750e-01
4.000000e-01
4.068750e-01
4.125000e-01
4.193750e-01
4.250000e-01
4.318750e-01
4.375000e-01
4.443750e-01
4.500000e-01
4.568750e-01
4.625000e-01
4.693750e-01
4.750000e-01
4.818750e-01
4.875000e-01
4.943750e-01
5.000000e-01
5.068750e-01
5.125000e-01
5.193750e-01
5.250000e-01
5.318750e-01
5.375000e-01
5.443750e-01
5.500000e-01
5.568750e-01
5.625000e-01
5.693750e-01
5.750000e-01
5.818750e-01
5.875000e-01
5.943750e-01
6.000000e-01
6.068750e-01
6.125000e-01
6.193750e-01
6.250000e-01
6.318750e-01
6.375000e-01
6.443750e-01
6.500000e-01
6.568750e-01
6.625000e-01
6.693750e-01
6.750000e-01
6.818750e-01
6.875000e-01
6.943750e-01
7.000000e-01
7.068750e-01
7.125000e-01
7.193750e-01
7.250000e-01
7.318750e-01
7.375000e-01
7.443750e-01
7.500000e-01
7.568750e-01
7.625000e-01
7.693750e-01
7.750000e-01
7.818750e-01
7.875000e-01
7.943750e-01
8.000000e-01
8.068750e-01
8.125000e-01
8.193750e-01
8.250000e-01
8.318750e-01
8.375000e-01
8.443750e-01
8.500000e-01
8.568750e-01
8.625000e-01
8.693750e-01
8.750000e-01
8.818750e-01
8.875000e-01
8.943750e-01
9.000000e-01
9.068750e-01
9.125000e-01
9.193750e-01
9.250000e-01
9.318750e-01
9.375000e-01
9.443750e-01
9.500000e-01
9.568750e-01
9.625000e-01
9.693750e-01
9.750000e-01
9.818750e-01
9.875000e-01
9.943750e-01
L2 Error: 
7.423628e-01
5.327322e-01
3.797393e-01
2.696418e-01
1.910725e-01
1.352541e-01
L2 Order: 
0.000000e+00
4.787139e-01
4.884012e-01
4.939652e-01
4.969242e-01
4.984475e-01
Linf Error: 
3.896897e+00
3.945805e+00
3.972235e+00
3.985950e+00
3.992933e+00
3.996456e+00
Linf Order: 
0.000000e+00
-1.799395e-02
-9.631217e-03
-4.972516e-03
-2.525277e-03
-1.272367e-03
Energy Error: 
6.748753e+00
9.686040e+00
1.380870e+01
1.961031e+01
2.779236e+01
3.934665e+01
NRG Order: 
0.000000e+00
-5.212861e-01
-5.115988e-01
-5.060348e-01
-5.030758e-01
-5.015525e-01
Error with 320 elements:
-3.996456e+00
-3.992153e+00
-3.988655e+00
-3.984409e+00
-3.980959e+00
-3.976770e+00
-3.973366e+00
-3.969234e+00
-3.965877e+00
-3.961801e+00
-3.958490e+00
-3.954472e+00
-3.951207e+00
-3.947246e+00
-3.944027e+00
-3.940122e+00
-3.936950e+00
-3.933101e+00
-3.929975e+00
-3.926182e+00
-3.923102e+00
-3.919366e+00
-3.916332e+00
-3.912652e+00
-3.909663e+00
-3.906039e+00
-3.903097e+00
-3.899529e+00
-3.896632e+00
-3.893119e+00
-3.890268e+00
-3.886812e+00
-3.884006e+00
-3.880605e+00
-3.877845e+00
-3.874500e+00
-3.871785e+00
-3.868495e+00
-3.865826e+00
-3.862591e+00
-3.859967e+00
-3.856788e+00
-3.854209e+00
-3.851085e+00
-3.848552e+00
-3.845483e+00
-3.842994e+00
-3.839980e+00
-3.837537e+00
-3.834578e+00
-3.832179e+00
-3.829275e+00
-3.826922e+00
-3.824073e+00
-3.821764e+00
-3.818969e+00
-3.816705e+00
-3.813966e+00
-3.811746e+00
-3.809061e+00
-3.806887e+00
-3.804256e+00
-3.802126e+00
-3.799550e+00
-3.797464e+00
-3.794943e+00
-3.792902e+00
-3.790434e+00
-3.788438e+00
-3.786024e+00
-3.784072e+00
-3.781713e+00
-3.779806e+00
-3.777501e+00
-3.775637e+00
-3.773387e+00
-3.771567e+00
-3.769371e+00
-3.767595e+00
-3.765453e+00
-3.763722e+00
-3.761633e+00
-3.759946e+00
-3.757911e+00
-3.756268e+00
-3.754287e+00
-3.752688e+00
-3.750761e+00
-3.749206e+00
-3.747333e+00
-3.745822e+00
-3.744002e+00
-3.742535e+00
-3.740768e+00
-3.739345e+00
-3.737632e+00
-3.736253e+00
-3.734594e+00
-3.733258e+00
-3.731652e+00
-3.730360e+00
-3.728808e+00
-3.727560e+00
-3.726061e+00
-3.724856e+00
-3.723411e+00
-3.722250e+00
-3.720858e+00
-3.719741e+00
-3.718402e+00
-3.717328e+00
-3.716042e+00
-3.715012e+00
-3.713780e+00
-3.712793e+00
-3.711614e+00
-3.710671e+00
-3.709544e+00
-3.708645e+00
-3.707572e+00
-3.706716e+00
-3.705696e+00
-3.704883e+00
-3.703916e+00
-3.703147e+00
-3.702233e+00
-3.701507e+00
-3.700646e+00
-3.699964e+00
-3.699156e+00
-3.698517e+00
-3.697762e+00
-3.697166e+00
-3.696464e+00
-3.695912e+00
-3.695263e+00
-3.694754e+00
-3.694158e+00
-3.693692e+00
-3.693149e+00
-3.692726e+00
-3.692236e+00
-3.691856e+00
-3.691419e+00
-3.691083e+00
-3.690699e+00
-3.690406e+00
-3.690074e+00
-3.689824e+00
-3.689546e+00
-3.689339e+00
-3.689113e+00
-3.688950e+00
-3.688777e+00
-3.688657e+00
-3.688537e+00
-3.688460e+00
-3.688393e+00
-3.688360e+00
-3.688345e+00
-3.688355e+00
-3.688393e+00
-3.688446e+00
-3.688537e+00
-3.688633e+00
-3.688777e+00
-3.688917e+00
-3.689113e+00
-3.689296e+00
-3.689546e+00
-3.689772e+00
-3.690074e+00
-3.690343e+00
-3.690699e+00
-3.691011e+00
-3.691419e+00
-3.691775e+00
-3.692236e+00
-3.692635e+00
-3.693149e+00
-3.693591e+00
-3.694158e+00
-3.694643e+00
-3.695263e+00
-3.695792e+00
-3.696464e+00
-3.697036e+00
-3.697762e+00
-3.698377e+00
-3.699156e+00
-3.699815e+00
-3.700646e+00
-3.701348e+00
-3.702233e+00
-3.702979e+00
-3.703916e+00
-3.704705e+00
-3.705696e+00
-3.706528e+00
-3.707572e+00
-3.708448e+00
-3.709544e+00
-3.710464e+00
-3.711614e+00
-3.712576e+00
-3.713780e+00
-3.714786e+00
-3.716042e+00
-3.717092e+00
-3.718402e+00
-3.719495e+00
-3.720858e+00
-3.721995e+00
-3.723411e+00
-3.724591e+00
-3.726061e+00
-3.727285e+00
-3.728808e+00
-3.730076e+00
-3.731652e+00
-3.732964e+00
-3.734594e+00
-3.735949e+00
-3.737632e+00
-3.739032e+00
-3.740768e+00
-3.742211e+00
-3.744002e+00
-3.745489e+00
-3.747333e+00
-3.748863e+00
-3.750761e+00
-3.752336e+00
-3.754287e+00
-3.755906e+00
-3.757911e+00
-3.759574e+00
-3.761633e+00
-3.763340e+00
-3.765453e+00
-3.767204e+00
-3.769371e+00
-3.771166e+00
-3.773387e+00
-3.775226e+00
-3.777501e+00
-3.779384e+00
-3.781713e+00
-3.783641e+00
-3.786024e+00
-3.787997e+00
-3.790434e+00
-3.792451e+00
-3.794943e+00
-3.797004e+00
-3.799550e+00
-3.801655e+00
-3.804256e+00
-3.806406e+00
-3.809061e+00
-3.811256e+00
-3.813966e+00
-3.816205e+00
-3.818969e+00
-3.821254e+00
-3.824073e+00
-3.826402e+00
-3.829275e+00
-3.831649e+00
-3.834578e+00
-3.836997e+00
-3.839980e+00
-3.842444e+00
-3.845483e+00
-3.847991e+00
-3.851085e+00
-3.853639e+00
-3.856788e+00
-3.859387e+00
-3.862591e+00
-3.865236e+00
-3.868495e+00
-3.871185e+00
-3.874500e+00
-3.877235e+00
-3.880605e+00
-3.883386e+00
-3.886812e+00
-3.889638e+00
-3.893119e+00
-3.895991e+00
-3.899529e+00
-3.902446e+00
-3.906039e+00
-3.909002e+00
-3.912652e+00
-3.915660e+00
-3.919366e+00
-3.922421e+00
-3.926182e+00
-3.929283e+00
-3.933101e+00
-3.936248e+00
-3.940122e+00
-3.943315e+00
-3.947246e+00
-3.950485e+00
-3.954472e+00
-3.957757e+00
-3.961801e+00
-3.965133e+00
-3.969234e+00
-3.972612e+00
-3.976770e+00
-3.980195e+00
-3.984409e+00
-3.987881e+00
-3.992153e+00
-3.995671e+00
Abs(Error) with 320 elements:
3.996456e+00
3.992153e+00
3.988655e+00
3.984409e+00
3.980959e+00
3.976770e+00
3.973366e+00
3.969234e+00
3.965877e+00
3.961801e+00
3.958490e+00
3.954472e+00
3.951207e+00
3.947246e+00
3.944027e+00
3.940122e+00
3.936950e+00
3.933101e+00
3.929975e+00
3.926182e+00
3.923102e+00
3.919366e+00
3.916332e+00
3.912652e+00
3.909663e+00
3.906039e+00
3.903097e+00
3.899529e+00
3.896632e+00
3.893119e+00
3.890268e+00
3.886812e+00
3.884006e+00
3.880605e+00
3.877845e+00
3.874500e+00
3.871785e+00
3.868495e+00
3.865826e+00
3.862591e+00
3.859967e+00
3.856788e+00
3.854209e+00
3.851085e+00
3.848552e+00
3.845483e+00
3.842994e+00
3.839980e+00
3.837537e+00
3.834578e+00
3.832179e+00
3.829275e+00
3.826922e+00
3.824073e+00
3.821764e+00
3.818969e+00
3.816705e+00
3.813966e+00
3.811746e+00
3.809061e+00
3.806887e+00
3.804256e+00
3.802126e+00
3.799550e+00
3.797464e+00
3.794943e+00
3.792902e+00
3.790434e+00
3.788438e+00
3.786024e+00
3.784072e+00
3.781713e+00
3.779806e+00
3.777501e+00
3.775637e+00
3.773387e+00
3.771567e+00
3.769371e+00
3.767595e+00
3.765453e+00
3.763722e+00
3.761633e+00
3.759946e+00
3.757911e+00
3.756268e+00
3.754287e+00
3.752688e+00
3.750761e+00
3.749206e+00
3.747333e+00
3.745822e+00
3.744002e+00
3.742535e+00
3.740768e+00
3.739345e+00
3.737632e+00
3.736253e+00
3.734594e+00
3.733258e+00
3.731652e+00
3.730360e+00
3.728808e+00
3.727560e+00
3.726061e+00
3.724856e+00
3.723411e+00
3.722250e+00
3.720858e+00
3.719741e+00
3.718402e+00
3.717328e+00
3.716042e+00
3.715012e+00
3.713780e+00
3.712793e+00
3.711614e+00
3.710671e+00
3.709544e+00
3.708645e+00
3.707572e+00
3.706716e+00
3.705696e+00
3.704883e+00
3.703916e+00
3.703147e+00
3.702233e+00
3.701507e+00
3.700646e+00
3.699964e+00
3.699156e+00
3.698517e+00
3.697762e+00
3.697166e+00
3.696464e+00
3.695912e+00
3.695263e+00
3.694754e+00
3.694158e+00
3.693692e+00
3.693149e+00
3.692726e+00
3.692236e+00
3.691856e+00
3.691419e+00
3.691083e+00
3.690699e+00
3.690406e+00
3.690074e+00
3.689824e+00
3.689546e+00
3.689339e+00
3.689113e+00
3.688950e+00
3.688777e+00
3.688657e+00
3.688537e+00
3.688460e+00
3.688393e+00
3.688360e+00
3.688345e+00
3.688355e+00
3.688393e+00
3.688446e+00
3.688537e+00
3.688633e+00
3.688777e+00
3.688917e+00
3.689113e+00
3.689296e+00
3.689546e+00
3.689772e+00
3.690074e+00
3.690343e+00
3.690699e+00
3.691011e+00
3.691419e+00
3.691775e+00
3.692236e+00
3.692635e+00
3.693149e+00
3.693591e+00
3.694158e+00
3.694643e+00
3.695263e+00
3.695792e+00
3.696464e+00
3.697036e+00
3.697762e+00
3.698377e+00
3.699156e+00
3.699815e+00
3.700646e+00
3.701348e+00
3.702233e+00
3.702979e+00
3.703916e+00
3.704705e+00
3.705696e+00
3.706528e+00
3.707572e+00
3.708448e+00
3.709544e+00
3.710464e+00
3.711614e+00
3.712576e+00
3.713780e+00
3.714786e+00
3.716042e+00
3.717092e+00
3.718402e+00
3.719495e+00
3.720858e+00
3.721995e+00
3.723411e+00
3.724591e+00
3.726061e+00
3.727285e+00
3.728808e+00
3.730076e+00
3.731652e+00
3.732964e+00
3.734594e+00
3.735949e+00
3.737632e+00
3.739032e+00
3.740768e+00
3.742211e+00
3.744002e+00
3.745489e+00
3.747333e+00
3.748863e+00
3.750761e+00
3.752336e+00
3.754287e+00
3.755906e+00
3.757911e+00
3.759574e+00
3.761633e+00
3.763340e+00
3.765453e+00
3.767204e+00
3.769371e+00
3.771166e+00
3.773387e+00
3.775226e+00
3.777501e+00
3.779384e+00
3.781713e+00
3.783641e+00
3.786024e+00
3.787997e+00
3.790434e+00
3.792451e+00
3.794943e+00
3.797004e+00
3.799550e+00
3.801655e+00
3.804256e+00
3.806406e+00
3.809061e+00
3.811256e+00
3.813966e+00
3.816205e+00
3.818969e+00
3.821254e+00
3.824073e+00
3.826402e+00
3.829275e+00
3.831649e+00
3.834578e+00
3.836997e+00
3.839980e+00
3.842444e+00
3.845483e+00
3.847991e+00
3.851085e+00
3.853639e+00
3.856788e+00
3.859387e+00
3.862591e+00
3.865236e+00
3.868495e+00
3.871185e+00
3.874500e+00
3.877235e+00
3.880605e+00
3.883386e+00
3.886812e+00
3.889638e+00
3.893119e+00
3.895991e+00
3.899529e+00
3.902446e+00
3.906039e+00
3.909002e+00
3.912652e+00
3.915660e+00
3.919366e+00
3.922421e+00
3.926182e+00
3.929283e+00
3.933101e+00
3.936248e+00
3.940122e+00
3.943315e+00
3.947246e+00
3.950485e+00
3.954472e+00
3.957757e+00
3.961801e+00
3.965133e+00
3.969234e+00
3.972612e+00
3.976770e+00
3.980195e+00
3.984409e+00
3.987881e+00
3.992153e+00
3.995671e+00
Node Locations: 
3.437500e-03
6.250000e-03
9.687500e-03
1.250000e-02
1.593750e-02
1.875000e-02
2.218750e-02
2.500000e-02
2.843750e-02
3.125000e-02
3.468750e-02
3.750000e-02
4.093750e-02
4.375000e-02
4.718750e-02
5.000000e-02
5.343750e-02
5.625000e-02
5.968750e-02
6.250000e-02
6.593750e-02
6.875000e-02
7.218750e-02
7.500000e-02
7.843750e-02
8.125000e-02
8.468750e-02
8.750000e-02
9.093750e-02
9.375000e-02
9.718750e-02
1.000000e-01
1.034375e-01
1.062500e-01
1.096875e-01
1.125000e-01
1.159375e-01
1.187500e-01
1.221875e-01
1.250000e-01
1.284375e-01
1.312500e-01
1.346875e-01
1.375000e-01
1.409375e-01
1.437500e-01
1.471875e-01
1.500000e-01
1.534375e-01
1.562500e-01
1.596875e-01
1.625000e-01
1.659375e-01
1.687500e-01
1.721875e-01
1.750000e-01
1.784375e-01
1.812500e-01
1.846875e-01
1.875000e-01
1.909375e-01
1.937500e-01
1.971875e-01
2.000000e-01
2.034375e-01
2.062500e-01
2.096875e-01
2.125000e-01
2.159375e-01
2.187500e-01
2.221875e-01
2.250000e-01
2.284375e-01
2.312500e-01
2.346875e-01
2.375000e-01
2.409375e-01
2.437500e-01
2.471875e-01
2.500000e-01
2.534375e-01
2.562500e-01
2.596875e-01
2.625000e-01
2.659375e-01
2.687500e-01
2.721875e-01
2.750000e-01
2.784375e-01
2.812500e-01
2.846875e-01
2.875000e-01
2.909375e-01
2.937500e-01
2.971875e-01
3.000000e-01
3.034375e-01
3.062500e-01
3.096875e-01
3.125000e-01
3.159375e-01
3.187500e-01
3.221875e-01
3.250000e-01
3.284375e-01
3.312500e-01
3.346875e-01
3.375000e-01
3.409375e-01
3.437500e-01
3.471875e-01
3.500000e-01
3.534375e-01
3.562500e-01
3.596875e-01
3.625000e-01
3.659375e-01
3.687500e-01
3.721875e-01
3.750000e-01
3.784375e-01
3.812500e-01
3.846875e-01
3.875000e-01
3.909375e-01
3.937500e-01
3.971875e-01
4.000000e-01
4.034375e-01
4.062500e-01
4.096875e-01
4.125000e-01
4.159375e-01
4.187500e-01
4.221875e-01
4.250000e-01
4.284375e-01
4.312500e-01
4.346875e-01
4.375000e-01
4.409375e-01
4.437500e-01
4.471875e-01
4.500000e-01
4.534375e-01
4.562500e-01
4.596875e-01
4.625000e-01
4.659375e-01
4.687500e-01
4.721875e-01
4.750000e-01
4.784375e-01
4.812500e-01
4.846875e-01
4.875000e-01
4.909375e-01
4.937500e-01
4.971875e-01
5.000000e-01
5.034375e-01
5.062500e-01
5.096875e-01
5.125000e-01
5.159375e-01
5.187500e-01
5.221875e-01
5.250000e-01
5.284375e-01
5.312500e-01
5.346875e-01
5.375000e-01
5.409375e-01
5.437500e-01
5.471875e-01
5.500000e-01
5.534375e-01
5.562500e-01
5.596875e-01
5.625000e-01
5.659375e-01
5.687500e-01
5.721875e-01
5.750000e-01
5.784375e-01
5.812500e-01
5.846875e-01
5.875000e-01
5.909375e-01
5.937500e-01
5.971875e-01
6.000000e-01
6.034375e-01
6.062500e-01
6.096875e-01
6.125000e-01
6.159375e-01
6.187500e-01
6.221875e-01
6.250000e-01
6.284375e-01
6.312500e-01
6.346875e-01
6.375000e-01
6.409375e-01
6.437500e-01
6.471875e-01
6.500000e-01
6.534375e-01
6.562500e-01
6.596875e-01
6.625000e-01
6.659375e-01
6.687500e-01
6.721875e-01
6.750000e-01
6.784375e-01
6.812500e-01
6.846875e-01
6.875000e-01
6.909375e-01
6.937500e-01
6.971875e-01
7.000000e-01
7.034375e-01
7.062500e-01
7.096875e-01
7.125000e-01
7.159375e-01
7.187500e-01
7.221875e-01
7.250000e-01
7.284375e-01
7.312500e-01
7.346875e-01
7.375000e-01
7.409375e-01
7.437500e-01
7.471875e-01
7.500000e-01
7.534375e-01
7.562500e-01
7.596875e-01
7.625000e-01
7.659375e-01
7.687500e-01
7.721875e-01
7.750000e-01
7.784375e-01
7.812500e-01
7.846875e-01
7.875000e-01
7.909375e-01
7.937500e-01
7.971875e-01
8.000000e-01
8.034375e-01
8.062500e-01
8.096875e-01
8.125000e-01
8.159375e-01
8.187500e-01
8.221875e-01
8.250000e-01
8.284375e-01
8.312500e-01
8.346875e-01
8.375000e-01
8.409375e-01
8.437500e-01
8.471875e-01
8.500000e-01
8.534375e-01
8.562500e-01
8.596875e-01
8.625000e-01
8.659375e-01
8.687500e-01
8.721875e-01
8.750000e-01
8.784375e-01
8.812500e-01
8.846875e-01
8.875000e-01
8.909375e-01
8.937500e-01
8.971875e-01
9.000000e-01
9.034375e-01
9.062500e-01
9.096875e-01
9.125000e-01
9.159375e-01
9.187500e-01
9.221875e-01
9.250000e-01
9.284375e-01
9.312500e-01
9.346875e-01
9.375000e-01
9.409375e-01
9.437500e-01
9.471875e-01
9.500000e-01
9.534375e-01
9.562500e-01
9.596875e-01
9.625000e-01
9.659375e-01
9.687500e-01
9.721875e-01
9.750000e-01
9.784375e-01
9.812500e-01
9.846875e-01
9.875000e-01
9.909375e-01
9.937500e-01
9.971875e-01
L2 Error: 
7.423628e-01
5.327322e-01
3.797393e-01
2.696418e-01
1.910725e-01
1.352541e-01
L2 Order: 
0.000000e+00
4.787139e-01
4.884012e-01
4.939652e-01
4.969242e-01
4.984475e-01
Linf Error: 
3.896897e+00
3.945805e+00
3.972235e+00
3.985950e+00
3.992933e+00
3.996456e+00
Linf Order: 
0.000000e+00
-1.799395e-02
-9.631217e-03
-4.972516e-03
-2.525277e-03
-1.272367e-03
Energy Error: 
6.748753e+00
9.686040e+00
1.380870e+01
1.961031e+01
2.779236e+01
3.934665e+01
NRG Order: 
0.000000e+00
-5.212861e-01
-5.115988e-01
-5.060348e-01
-5.030758e-01
-5.015525e-01
