Error with 10 elements:
1.847478e+00
1.719198e+00
1.588298e+00
1.484553e+00
1.372308e+00
1.289789e+00
1.193733e+00
1.129698e+00
1.047798e+00
Abs(Error) with 10 elements:
1.847478e+00
1.719198e+00
1.588298e+00
1.484553e+00
1.372308e+00
1.289789e+00
1.193733e+00
1.129698e+00
1.047798e+00
Node Locations: 
1.100000e-01
2.000000e-01
3.100000e-01
4.000000e-01
5.100000e-01
6.000000e-01
7.100000e-01
8.000000e-01
9.100000e-01
L2 Error: 
2.006381e-01
1.385033e-01
9.681655e-02
6.807593e-02
4.800344e-02
3.389673e-02
L2 Order: 
0.000000e+00
5.346747e-01
5.165950e-01
5.081089e-01
5.040070e-01
5.019916e-01
Linf Error: 
1.847478e+00
1.922485e+00
1.960923e+00
1.980381e+00
1.990170e+00
1.995080e+00
Linf Order: 
0.000000e+00
-5.741483e-02
-2.856081e-02
-1.424508e-02
-7.113883e-03
-3.554798e-03
Energy Error: 
1.823982e+00
2.518242e+00
3.520602e+00
4.950977e+00
6.982319e+00
9.860868e+00
NRG Order: 
0.000000e+00
-4.653253e-01
-4.834050e-01
-4.918911e-01
-4.959930e-01
-4.980084e-01
Error with 20 elements:
1.922485e+00
1.853507e+00
1.781682e+00
1.719402e+00
1.652855e+00
1.596791e+00
1.535145e+00
1.484855e+00
1.427765e+00
1.382848e+00
1.330000e+00
1.290089e+00
1.241197e+00
1.205959e+00
1.160765e+00
1.129898e+00
1.088165e+00
1.061397e+00
1.022915e+00
Abs(Error) with 20 elements:
1.922485e+00
1.853507e+00
1.781682e+00
1.719402e+00
1.652855e+00
1.596791e+00
1.535145e+00
1.484855e+00
1.427765e+00
1.382848e+00
1.330000e+00
1.290089e+00
1.241197e+00
1.205959e+00
1.160765e+00
1.129898e+00
1.088165e+00
1.061397e+00
1.022915e+00
Node Locations: 
5.500000e-02
1.000000e-01
1.550000e-01
2.000000e-01
2.550000e-01
3.000000e-01
3.550000e-01
4.000000e-01
4.550000e-01
5.000000e-01
5.550000e-01
6.000000e-01
6.550000e-01
7.000000e-01
7.550000e-01
8.000000e-01
8.550000e-01
9.000000e-01
9.550000e-01
L2 Error: 
2.006381e-01
1.385033e-01
9.681655e-02
6.807593e-02
4.800344e-02
3.389673e-02
L2 Order: 
0.000000e+00
5.346747e-01
5.165950e-01
5.081089e-01
5.040070e-01
5.019916e-01
Linf Error: 
1.847478e+00
1.922485e+00
1.960923e+00
1.980381e+00
1.990170e+00
1.995080e+00
Linf Order: 
0.000000e+00
-5.741483e-02
-2.856081e-02
-1.424508e-02
-7.113883e-03
-3.554798e-03
Energy Error: 
1.823982e+00
2.518242e+00
3.520602e+00
4.950977e+00
6.982319e+00
9.860868e+00
NRG Order: 
0.000000e+00
-4.653253e-01
-4.834050e-01
-4.918911e-01
-4.959930e-01
-4.980084e-01
Error with 40 elements:
1.960923e+00
1.925174e+00
1.887557e+00
1.853560e+00
1.817350e+00
1.785039e+00
1.750182e+00
1.719496e+00
1.685944e+00
1.656822e+00
1.624527e+00
1.596913e+00
1.565829e+00
1.539669e+00
1.509753e+00
1.484994e+00
1.456204e+00
1.432798e+00
1.405094e+00
1.382992e+00
1.356338e+00
1.335495e+00
1.309854e+00
1.290228e+00
1.265564e+00
1.247113e+00
1.223395e+00
1.206081e+00
1.183277e+00
1.167061e+00
1.145142e+00
1.129990e+00
1.108927e+00
1.094806e+00
1.074573e+00
1.061449e+00
1.042020e+00
1.029865e+00
1.011216e+00
Abs(Error) with 40 elements:
1.960923e+00
1.925174e+00
1.887557e+00
1.853560e+00
1.817350e+00
1.785039e+00
1.750182e+00
1.719496e+00
1.685944e+00
1.656822e+00
1.624527e+00
1.596913e+00
1.565829e+00
1.539669e+00
1.509753e+00
1.484994e+00
1.456204e+00
1.432798e+00
1.405094e+00
1.382992e+00
1.356338e+00
1.335495e+00
1.309854e+00
1.290228e+00
1.265564e+00
1.247113e+00
1.223395e+00
1.206081e+00
1.183277e+00
1.167061e+00
1.145142e+00
1.129990e+00
1.108927e+00
1.094806e+00
1.074573e+00
1.061449e+00
1.042020e+00
1.029865e+00
1.011216e+00
Node Locations: 
2.750000e-02
5.000000e-02
7.750000e-02
1.000000e-01
1.275000e-01
1.500000e-01
1.775000e-01
2.000000e-01
2.275000e-01
2.500000e-01
2.775000e-01
3.000000e-01
3.275000e-01
3.500000e-01
3.775000e-01
4.000000e-01
4.275000e-01
4.500000e-01
4.775000e-01
5.000000e-01
5.275000e-01
5.500000e-01
5.775000e-01
6.000000e-01
6.275000e-01
6.500000e-01
6.775000e-01
7.000000e-01
7.275000e-01
7.500000e-01
7.775000e-01
8.000000e-01
8.275000e-01
8.500000e-01
8.775000e-01
9.000000e-01
9.275000e-01
9.500000e-01
9.775000e-01
L2 Error: 
2.006381e-01
1.385033e-01
9.681655e-02
6.807593e-02
4.800344e-02
3.389673e-02
L2 Order: 
0.000000e+00
5.346747e-01
5.165950e-01
5.081089e-01
5.040070e-01
5.019916e-01
Linf Error: 
1.847478e+00
1.922485e+00
1.960923e+00
1.980381e+00
1.990170e+00
1.995080e+00
Linf Order: 
0.000000e+00
-5.741483e-02
-2.856081e-02
-1.424508e-02
-7.113883e-03
-3.554798e-03
Energy Error: 
1.823982e+00
2.518242e+00
3.520602e+00
4.950977e+00
6.982319e+00
9.860868e+00
NRG Order: 
0.000000e+00
-4.653253e-01
-4.834050e-01
-4.918911e-01
-4.959930e-01
-4.980084e-01
Error with 80 elements:
1.980381e+00
1.962185e+00
1.942936e+00
1.925187e+00
1.906301e+00
1.888993e+00
1.870463e+00
1.853585e+00
1.835405e+00
1.818951e+00
1.801113e+00
1.785075e+00
1.767574e+00
1.751942e+00
1.734772e+00
1.719541e+00
1.702695e+00
1.687856e+00
1.671328e+00
1.656875e+00
1.640659e+00
1.626584e+00
1.610675e+00
1.596972e+00
1.581364e+00
1.568025e+00
1.552713e+00
1.539732e+00
1.524711e+00
1.512081e+00
1.497345e+00
1.485061e+00
1.470604e+00
1.458660e+00
1.444478e+00
1.432867e+00
1.418955e+00
1.407671e+00
1.394025e+00
1.383062e+00
1.369677e+00
1.359030e+00
1.345901e+00
1.335564e+00
1.322687e+00
1.312656e+00
1.300026e+00
1.290294e+00
1.277908e+00
1.268471e+00
1.256323e+00
1.247176e+00
1.235264e+00
1.226402e+00
1.214721e+00
1.206139e+00
1.194685e+00
1.186379e+00
1.175149e+00
1.167113e+00
1.156103e+00
1.148335e+00
1.137541e+00
1.130035e+00
1.119454e+00
1.112206e+00
1.101835e+00
1.094841e+00
1.084677e+00
1.077933e+00
1.067971e+00
1.061474e+00
1.051713e+00
1.045458e+00
1.035894e+00
1.029878e+00
1.020508e+00
1.014727e+00
1.005548e+00
Abs(Error) with 80 elements:
1.980381e+00
1.962185e+00
1.942936e+00
1.925187e+00
1.906301e+00
1.888993e+00
1.870463e+00
1.853585e+00
1.835405e+00
1.818951e+00
1.801113e+00
1.785075e+00
1.767574e+00
1.751942e+00
1.734772e+00
1.719541e+00
1.702695e+00
1.687856e+00
1.671328e+00
1.656875e+00
1.640659e+00
1.626584e+00
1.610675e+00
1.596972e+00
1.581364e+00
1.568025e+00
1.552713e+00
1.539732e+00
1.524711e+00
1.512081e+00
1.497345e+00
1.485061e+00
1.470604e+00
1.458660e+00
1.444478e+00
1.432867e+00
1.418955e+00
1.407671e+00
1.394025e+00
1.383062e+00
1.369677e+00
1.359030e+00
1.345901e+00
1.335564e+00
1.322687e+00
1.312656e+00
1.300026e+00
1.290294e+00
1.277908e+00
1.268471e+00
1.256323e+00
1.247176e+00
1.235264e+00
1.226402e+00
1.214721e+00
1.206139e+00
1.194685e+00
1.186379e+00
1.175149e+00
1.167113e+00
1.156103e+00
1.148335e+00
1.137541e+00
1.130035e+00
1.119454e+00
1.112206e+00
1.101835e+00
1.094841e+00
1.084677e+00
1.077933e+00
1.067971e+00
1.061474e+00
1.051713e+00
1.045458e+00
1.035894e+00
1.029878e+00
1.020508e+00
1.014727e+00
1.005548e+00
Node Locations: 
1.375000e-02
2.500000e-02
3.875000e-02
5.000000e-02
6.375000e-02
7.500000e-02
8.875000e-02
1.000000e-01
1.137500e-01
1.250000e-01
1.387500e-01
1.500000e-01
1.637500e-01
1.750000e-01
1.887500e-01
2.000000e-01
2.137500e-01
2.250000e-01
2.387500e-01
2.500000e-01
2.637500e-01
2.750000e-01
2.887500e-01
3.000000e-01
3.137500e-01
3.250000e-01
3.387500e-01
3.500000e-01
3.637500e-01
3.750000e-01
3.887500e-01
4.000000e-01
4.137500e-01
4.250000e-01
4.387500e-01
4.500000e-01
4.637500e-01
4.750000e-01
4.887500e-01
5.000000e-01
5.137500e-01
5.250000e-01
5.387500e-01
5.500000e-01
5.637500e-01
5.750000e-01
5.887500e-01
6.000000e-01
6.137500e-01
6.250000e-01
6.387500e-01
6.500000e-01
6.637500e-01
6.750000e-01
6.887500e-01
7.000000e-01
7.137500e-01
7.250000e-01
7.387500e-01
7.500000e-01
7.637500e-01
7.750000e-01
7.887500e-01
8.000000e-01
8.137500e-01
8.250000e-01
8.387500e-01
8.500000e-01
8.637500e-01
8.750000e-01
8.887500e-01
9.000000e-01
9.137500e-01
9.250000e-01
9.387500e-01
9.500000e-01
9.637500e-01
9.750000e-01
9.887500e-01
L2 Error: 
2.006381e-01
1.385033e-01
9.681655e-02
6.807593e-02
4.800344e-02
3.389673e-02
L2 Order: 
0.000000e+00
5.346747e-01
5.165950e-01
5.081089e-01
5.040070e-01
5.019916e-01
Linf Error: 
1.847478e+00
1.922485e+00
1.960923e+00
1.980381e+00
1.990170e+00
1.995080e+00
Linf Order: 
0.000000e+00
-5.741483e-02
-2.856081e-02
-1.424508e-02
-7.113883e-03
-3.554798e-03
Energy Error: 
1.823982e+00
2.518242e+00
3.520602e+00
4.950977e+00
6.982319e+00
9.860868e+00
NRG Order: 
0.000000e+00
-4.653253e-01
-4.834050e-01
-4.918911e-01
-4.959930e-01
-4.980084e-01
Error with 160 elements:
1.990170e+00
1.980991e+00
1.971254e+00
1.962188e+00
1.952544e+00
1.943590e+00
1.934037e+00
1.925194e+00
1.915731e+00
1.906999e+00
1.897626e+00
1.889002e+00
1.879718e+00
1.871203e+00
1.862006e+00
1.853598e+00
1.844489e+00
1.836186e+00
1.827163e+00
1.818966e+00
1.810029e+00
1.801935e+00
1.793083e+00
1.785092e+00
1.776323e+00
1.768435e+00
1.759750e+00
1.751962e+00
1.743359e+00
1.735672e+00
1.727150e+00
1.719563e+00
1.711122e+00
1.703632e+00
1.695272e+00
1.687880e+00
1.679598e+00
1.672303e+00
1.664100e+00
1.656900e+00
1.648775e+00
1.641670e+00
1.633623e+00
1.626611e+00
1.618640e+00
1.611722e+00
1.603827e+00
1.597000e+00
1.589180e+00
1.582445e+00
1.574699e+00
1.568055e+00
1.560383e+00
1.553828e+00
1.546229e+00
1.539763e+00
1.532237e+00
1.525859e+00
1.518404e+00
1.512113e+00
1.504729e+00
1.498525e+00
1.491212e+00
1.485094e+00
1.477850e+00
1.471817e+00
1.464642e+00
1.458693e+00
1.451587e+00
1.445721e+00
1.438683e+00
1.432900e+00
1.425930e+00
1.420228e+00
1.413325e+00
1.407705e+00
1.400867e+00
1.395328e+00
1.388555e+00
1.383096e+00
1.376389e+00
1.371008e+00
1.364366e+00
1.359064e+00
1.352485e+00
1.347261e+00
1.340745e+00
1.335598e+00
1.329145e+00
1.324074e+00
1.317684e+00
1.312689e+00
1.306360e+00
1.301440e+00
1.295172e+00
1.290327e+00
1.284120e+00
1.279348e+00
1.273201e+00
1.268503e+00
1.262415e+00
1.257790e+00
1.251761e+00
1.247207e+00
1.241238e+00
1.236755e+00
1.230844e+00
1.226432e+00
1.220578e+00
1.216236e+00
1.210440e+00
1.206168e+00
1.200428e+00
1.196224e+00
1.190541e+00
1.186406e+00
1.180778e+00
1.176711e+00
1.171139e+00
1.167139e+00
1.161621e+00
1.157688e+00
1.152225e+00
1.148359e+00
1.142949e+00
1.139148e+00
1.133792e+00
1.130057e+00
1.124754e+00
1.121083e+00
1.115833e+00
1.112226e+00
1.107028e+00
1.103485e+00
1.098339e+00
1.094859e+00
1.089764e+00
1.086347e+00
1.081303e+00
1.077948e+00
1.072955e+00
1.069662e+00
1.064719e+00
1.061487e+00
1.056594e+00
1.053422e+00
1.048579e+00
1.045468e+00
1.040674e+00
1.037622e+00
1.032877e+00
1.029885e+00
1.025188e+00
1.022254e+00
1.017606e+00
1.014731e+00
1.010130e+00
1.007313e+00
1.002759e+00
Abs(Error) with 160 elements:
1.990170e+00
1.980991e+00
1.971254e+00
1.962188e+00
1.952544e+00
1.943590e+00
1.934037e+00
1.925194e+00
1.915731e+00
1.906999e+00
1.897626e+00
1.889002e+00
1.879718e+00
1.871203e+00
1.862006e+00
1.853598e+00
1.844489e+00
1.836186e+00
1.827163e+00
1.818966e+00
1.810029e+00
1.801935e+00
1.793083e+00
1.785092e+00
1.776323e+00
1.768435e+00
1.759750e+00
1.751962e+00
1.743359e+00
1.735672e+00
1.727150e+00
1.719563e+00
1.711122e+00
1.703632e+00
1.695272e+00
1.687880e+00
1.679598e+00
1.672303e+00
1.664100e+00
1.656900e+00
1.648775e+00
1.641670e+00
1.633623e+00
1.626611e+00
1.618640e+00
1.611722e+00
1.603827e+00
1.597000e+00
1.589180e+00
1.582445e+00
1.574699e+00
1.568055e+00
1.560383e+00
1.553828e+00
1.546229e+00
1.539763e+00
1.532237e+00
1.525859e+00
1.518404e+00
1.512113e+00
1.504729e+00
1.498525e+00
1.491212e+00
1.485094e+00
1.477850e+00
1.471817e+00
1.464642e+00
1.458693e+00
1.451587e+00
1.445721e+00
1.438683e+00
1.432900e+00
1.425930e+00
1.420228e+00
1.413325e+00
1.407705e+00
1.400867e+00
1.395328e+00
1.388555e+00
1.383096e+00
1.376389e+00
1.371008e+00
1.364366e+00
1.359064e+00
1.352485e+00
1.347261e+00
1.340745e+00
1.335598e+00
1.329145e+00
1.324074e+00
1.317684e+00
1.312689e+00
1.306360e+00
1.301440e+00
1.295172e+00
1.290327e+00
1.284120e+00
1.279348e+00
1.273201e+00
1.268503e+00
1.262415e+00
1.257790e+00
1.251761e+00
1.247207e+00
1.241238e+00
1.236755e+00
1.230844e+00
1.226432e+00
1.220578e+00
1.216236e+00
1.210440e+00
1.206168e+00
1.200428e+00
1.196224e+00
1.190541e+00
1.186406e+00
1.180778e+00
1.176711e+00
1.171139e+00
1.167139e+00
1.161621e+00
1.157688e+00
1.152225e+00
1.148359e+00
1.142949e+00
1.139148e+00
1.133792e+00
1.130057e+00
1.124754e+00
1.121083e+00
1.115833e+00
1.112226e+00
1.107028e+00
1.103485e+00
1.098339e+00
1.094859e+00
1.089764e+00
1.086347e+00
1.081303e+00
1.077948e+00
1.072955e+00
1.069662e+00
1.064719e+00
1.061487e+00
1.056594e+00
1.053422e+00
1.048579e+00
1.045468e+00
1.040674e+00
1.037622e+00
1.032877e+00
1.029885e+00
1.025188e+00
1.022254e+00
1.017606e+00
1.014731e+00
1.010130e+00
1.007313e+00
1.002759e+00
Node Locations: 
6.875000e-03
1.250000e-02
1.937500e-02
2.500000e-02
3.187500e-02
3.750000e-02
4.437500e-02
5.000000e-02
5.687500e-02
6.250000e-02
6.937500e-02
7.500000e-02
8.187500e-02
8.750000e-02
9.437500e-02
1.000000e-01
1.068750e-01
1.125000e-01
1.193750e-01
1.250000e-01
1.318750e-01
1.375000e-01
1.443750e-01
1.500000e-01
1.568750e-01
1.625000e-01
1.693750e-01
1.750000e-01
1.818750e-01
1.875000e-01
1.943750e-01
2.000000e-01
2.068750e-01
2.125000e-01
2.193750e-01
2.250000e-01
2.318750e-01
2.375000e-01
2.443750e-01
2.500000e-01
2.568750e-01
2.625000e-01
2.693750e-01
2.750000e-01
2.818750e-01
2.875000e-01
2.943750e-01
3.000000e-01
3.068750e-01
3.125000e-01
3.193750e-01
3.250000e-01
3.318750e-01
3.375000e-01
3.443750e-01
3.500000e-01
3.568750e-01
3.625000e-01
3.693750e-01
3.750000e-01
3.818750e-01
3.875000e-01
3.943750e-01
4.000000e-01
4.068750e-01
4.125000e-01
4.193750e-01
4.250000e-01
4.318750e-01
4.375000e-01
4.443750e-01
4.500000e-01
4.568750e-01
4.625000e-01
4.693750e-01
4.750000e-01
4.818750e-01
4.875000e-01
4.943750e-01
5.000000e-01
5.068750e-01
5.125000e-01
5.193750e-01
5.250000e-01
5.318750e-01
5.375000e-01
5.443750e-01
5.500000e-01
5.568750e-01
5.625000e-01
5.693750e-01
5.750000e-01
5.818750e-01
5.875000e-01
5.943750e-01
6.000000e-01
6.068750e-01
6.125000e-01
6.193750e-01
6.250000e-01
6.318750e-01
6.375000e-01
6.443750e-01
6.500000e-01
6.568750e-01
6.625000e-01
6.693750e-01
6.750000e-01
6.818750e-01
6.875000e-01
6.943750e-01
7.000000e-01
7.068750e-01
7.125000e-01
7.193750e-01
7.250000e-01
7.318750e-01
7.375000e-01
7.443750e-01
7.500000e-01
7.568750e-01
7.625000e-01
7.693750e-01
7.750000e-01
7.818750e-01
7.875000e-01
7.943750e-01
8.000000e-01
8.068750e-01
8.125000e-01
8.193750e-01
8.250000e-01
8.318750e-01
8.375000e-01
8.443750e-01
8.500000e-01
8.568750e-01
8.625000e-01
8.693750e-01
8.750000e-01
8.818750e-01
8.875000e-01
8.943750e-01
9.000000e-01
9.068750e-01
9.125000e-01
9.193750e-01
9.250000e-01
9.318750e-01
9.375000e-01
9.443750e-01
9.500000e-01
9.568750e-01
9.625000e-01
9.693750e-01
9.750000e-01
9.818750e-01
9.875000e-01
9.943750e-01
L2 Error: 
2.006381e-01
1.385033e-01
9.681655e-02
6.807593e-02
4.800344e-02
3.389673e-02
L2 Order: 
0.000000e+00
5.346747e-01
5.165950e-01
5.081089e-01
5.040070e-01
5.019916e-01
Linf Error: 
1.847478e+00
1.922485e+00
1.960923e+00
1.980381e+00
1.990170e+00
1.995080e+00
Linf Order: 
0.000000e+00
-5.741483e-02
-2.856081e-02
-1.424508e-02
-7.113883e-03
-3.554798e-03
Energy Error: 
1.823982e+00
2.518242e+00
3.520602e+00
4.950977e+00
6.982319e+00
9.860868e+00
NRG Order: 
0.000000e+00
-4.653253e-01
-4.834050e-01
-4.918911e-01
-4.959930e-01
-4.980084e-01
Error with 320 elements:
1.995080e+00
1.990470e+00
1.985573e+00
1.980992e+00
1.976118e+00
1.971565e+00
1.966715e+00
1.962190e+00
1.957363e+00
1.952866e+00
1.948061e+00
1.943592e+00
1.938811e+00
1.934370e+00
1.929611e+00
1.925197e+00
1.920461e+00
1.916075e+00
1.911361e+00
1.907003e+00
1.902311e+00
1.897980e+00
1.893311e+00
1.889007e+00
1.884360e+00
1.880083e+00
1.875458e+00
1.871208e+00
1.866605e+00
1.862382e+00
1.857801e+00
1.853604e+00
1.849045e+00
1.844874e+00
1.840337e+00
1.836193e+00
1.831677e+00
1.827559e+00
1.823065e+00
1.818973e+00
1.814500e+00
1.810435e+00
1.805983e+00
1.801943e+00
1.797512e+00
1.793499e+00
1.789089e+00
1.785101e+00
1.780712e+00
1.776749e+00
1.772381e+00
1.768444e+00
1.764097e+00
1.760185e+00
1.755859e+00
1.751972e+00
1.747666e+00
1.743804e+00
1.739519e+00
1.735682e+00
1.731417e+00
1.727605e+00
1.723360e+00
1.719573e+00
1.715349e+00
1.711586e+00
1.707382e+00
1.703644e+00
1.699459e+00
1.695745e+00
1.691581e+00
1.687891e+00
1.683746e+00
1.680081e+00
1.675956e+00
1.672315e+00
1.668209e+00
1.664592e+00
1.660506e+00
1.656913e+00
1.652846e+00
1.649277e+00
1.645229e+00
1.641683e+00
1.637655e+00
1.634133e+00
1.630124e+00
1.626625e+00
1.622635e+00
1.619159e+00
1.615188e+00
1.611736e+00
1.607784e+00
1.604354e+00
1.600421e+00
1.597015e+00
1.593100e+00
1.589716e+00
1.585821e+00
1.582460e+00
1.578583e+00
1.575244e+00
1.571386e+00
1.568070e+00
1.564230e+00
1.560936e+00
1.557114e+00
1.553843e+00
1.550040e+00
1.546791e+00
1.543005e+00
1.539779e+00
1.536011e+00
1.532807e+00
1.529057e+00
1.525874e+00
1.522143e+00
1.518982e+00
1.515268e+00
1.512129e+00
1.508433e+00
1.505316e+00
1.501637e+00
1.498541e+00
1.494881e+00
1.491806e+00
1.488163e+00
1.485110e+00
1.481484e+00
1.478452e+00
1.474844e+00
1.471833e+00
1.468242e+00
1.465252e+00
1.461678e+00
1.458709e+00
1.455153e+00
1.452205e+00
1.448665e+00
1.445738e+00
1.442215e+00
1.439309e+00
1.435803e+00
1.432917e+00
1.429428e+00
1.426562e+00
1.423090e+00
1.420245e+00
1.416789e+00
1.413965e+00
1.410526e+00
1.407721e+00
1.404299e+00
1.401515e+00
1.398109e+00
1.395344e+00
1.391955e+00
1.389210e+00
1.385837e+00
1.383113e+00
1.379756e+00
1.377051e+00
1.373710e+00
1.371025e+00
1.367700e+00
1.365035e+00
1.361726e+00
1.359080e+00
1.355787e+00
1.353161e+00
1.349884e+00
1.347277e+00
1.344016e+00
1.341428e+00
1.338183e+00
1.335615e+00
1.332385e+00
1.329835e+00
1.326621e+00
1.324091e+00
1.320892e+00
1.318381e+00
1.315198e+00
1.312705e+00
1.309537e+00
1.307064e+00
1.303911e+00
1.301456e+00
1.298319e+00
1.295883e+00
1.292761e+00
1.290343e+00
1.287236e+00
1.284837e+00
1.281745e+00
1.279364e+00
1.276287e+00
1.273925e+00
1.270863e+00
1.268518e+00
1.265471e+00
1.263145e+00
1.260113e+00
1.257805e+00
1.254788e+00
1.252498e+00
1.249495e+00
1.247223e+00
1.244235e+00
1.241980e+00
1.239007e+00
1.236770e+00
1.233811e+00
1.231592e+00
1.228648e+00
1.226447e+00
1.223516e+00
1.221333e+00
1.218417e+00
1.216251e+00
1.213349e+00
1.211200e+00
1.208313e+00
1.206182e+00
1.203309e+00
1.201194e+00
1.198335e+00
1.196238e+00
1.193393e+00
1.191313e+00
1.188482e+00
1.186419e+00
1.183602e+00
1.181556e+00
1.178753e+00
1.176724e+00
1.173935e+00
1.171923e+00
1.169147e+00
1.167152e+00
1.164390e+00
1.162411e+00
1.159663e+00
1.157701e+00
1.154966e+00
1.153020e+00
1.150299e+00
1.148370e+00
1.145663e+00
1.143750e+00
1.141056e+00
1.139160e+00
1.136479e+00
1.134599e+00
1.131931e+00
1.130068e+00
1.127413e+00
1.125566e+00
1.122924e+00
1.121093e+00
1.118465e+00
1.116650e+00
1.114035e+00
1.112236e+00
1.109634e+00
1.107851e+00
1.105262e+00
1.103494e+00
1.100918e+00
1.099166e+00
1.096603e+00
1.094867e+00
1.092317e+00
1.090597e+00
1.088060e+00
1.086355e+00
1.083830e+00
1.082141e+00
1.079629e+00
1.077956e+00
1.075456e+00
1.073798e+00
1.071311e+00
1.069668e+00
1.067194e+00
1.065567e+00
1.063105e+00
1.061493e+00
1.059044e+00
1.057446e+00
1.055010e+00
1.053428e+00
1.051003e+00
1.049436e+00
1.047024e+00
1.045472e+00
1.043073e+00
1.041536e+00
1.039148e+00
1.037626e+00
1.035251e+00
1.033744e+00
1.031380e+00
1.029888e+00
1.027537e+00
1.026059e+00
1.023720e+00
1.022257e+00
1.019930e+00
1.018481e+00
1.016166e+00
1.014732e+00
1.012429e+00
1.011010e+00
1.008718e+00
1.007314e+00
1.005034e+00
1.003644e+00
1.001376e+00
Abs(Error) with 320 elements:
1.995080e+00
1.990470e+00
1.985573e+00
1.980992e+00
1.976118e+00
1.971565e+00
1.966715e+00
1.962190e+00
1.957363e+00
1.952866e+00
1.948061e+00
1.943592e+00
1.938811e+00
1.934370e+00
1.929611e+00
1.925197e+00
1.920461e+00
1.916075e+00
1.911361e+00
1.907003e+00
1.902311e+00
1.897980e+00
1.893311e+00
1.889007e+00
1.884360e+00
1.880083e+00
1.875458e+00
1.871208e+00
1.866605e+00
1.862382e+00
1.857801e+00
1.853604e+00
1.849045e+00
1.844874e+00
1.840337e+00
1.836193e+00
1.831677e+00
1.827559e+00
1.823065e+00
1.818973e+00
1.814500e+00
1.810435e+00
1.805983e+00
1.801943e+00
1.797512e+00
1.793499e+00
1.789089e+00
1.785101e+00
1.780712e+00
1.776749e+00
1.772381e+00
1.768444e+00
1.764097e+00
1.760185e+00
1.755859e+00
1.751972e+00
1.747666e+00
1.743804e+00
1.739519e+00
1.735682e+00
1.731417e+00
1.727605e+00
1.723360e+00
1.719573e+00
1.715349e+00
1.711586e+00
1.707382e+00
1.703644e+00
1.699459e+00
1.695745e+00
1.691581e+00
1.687891e+00
1.683746e+00
1.680081e+00
1.675956e+00
1.672315e+00
1.668209e+00
1.664592e+00
1.660506e+00
1.656913e+00
1.652846e+00
1.649277e+00
1.645229e+00
1.641683e+00
1.637655e+00
1.634133e+00
1.630124e+00
1.626625e+00
1.622635e+00
1.619159e+00
1.615188e+00
1.611736e+00
1.607784e+00
1.604354e+00
1.600421e+00
1.597015e+00
1.593100e+00
1.589716e+00
1.585821e+00
1.582460e+00
1.578583e+00
1.575244e+00
1.571386e+00
1.568070e+00
1.564230e+00
1.560936e+00
1.557114e+00
1.553843e+00
1.550040e+00
1.546791e+00
1.543005e+00
1.539779e+00
1.536011e+00
1.532807e+00
1.529057e+00
1.525874e+00
1.522143e+00
1.518982e+00
1.515268e+00
1.512129e+00
1.508433e+00
1.505316e+00
1.501637e+00
1.498541e+00
1.494881e+00
1.491806e+00
1.488163e+00
1.485110e+00
1.481484e+00
1.478452e+00
1.474844e+00
1.471833e+00
1.468242e+00
1.465252e+00
1.461678e+00
1.458709e+00
1.455153e+00
1.452205e+00
1.448665e+00
1.445738e+00
1.442215e+00
1.439309e+00
1.435803e+00
1.432917e+00
1.429428e+00
1.426562e+00
1.423090e+00
1.420245e+00
1.416789e+00
1.413965e+00
1.410526e+00
1.407721e+00
1.404299e+00
1.401515e+00
1.398109e+00
1.395344e+00
1.391955e+00
1.389210e+00
1.385837e+00
1.383113e+00
1.379756e+00
1.377051e+00
1.373710e+00
1.371025e+00
1.367700e+00
1.365035e+00
1.361726e+00
1.359080e+00
1.355787e+00
1.353161e+00
1.349884e+00
1.347277e+00
1.344016e+00
1.341428e+00
1.338183e+00
1.335615e+00
1.332385e+00
1.329835e+00
1.326621e+00
1.324091e+00
1.320892e+00
1.318381e+00
1.315198e+00
1.312705e+00
1.309537e+00
1.307064e+00
1.303911e+00
1.301456e+00
1.298319e+00
1.295883e+00
1.292761e+00
1.290343e+00
1.287236e+00
1.284837e+00
1.281745e+00
1.279364e+00
1.276287e+00
1.273925e+00
1.270863e+00
1.268518e+00
1.265471e+00
1.263145e+00
1.260113e+00
1.257805e+00
1.254788e+00
1.252498e+00
1.249495e+00
1.247223e+00
1.244235e+00
1.241980e+00
1.239007e+00
1.236770e+00
1.233811e+00
1.231592e+00
1.228648e+00
1.226447e+00
1.223516e+00
1.221333e+00
1.218417e+00
1.216251e+00
1.213349e+00
1.211200e+00
1.208313e+00
1.206182e+00
1.203309e+00
1.201194e+00
1.198335e+00
1.196238e+00
1.193393e+00
1.191313e+00
1.188482e+00
1.186419e+00
1.183602e+00
1.181556e+00
1.178753e+00
1.176724e+00
1.173935e+00
1.171923e+00
1.169147e+00
1.167152e+00
1.164390e+00
1.162411e+00
1.159663e+00
1.157701e+00
1.154966e+00
1.153020e+00
1.150299e+00
1.148370e+00
1.145663e+00
1.143750e+00
1.141056e+00
1.139160e+00
1.136479e+00
1.134599e+00
1.131931e+00
1.130068e+00
1.127413e+00
1.125566e+00
1.122924e+00
1.121093e+00
1.118465e+00
1.116650e+00
1.114035e+00
1.112236e+00
1.109634e+00
1.107851e+00
1.105262e+00
1.103494e+00
1.100918e+00
1.099166e+00
1.096603e+00
1.094867e+00
1.092317e+00
1.090597e+00
1.088060e+00
1.086355e+00
1.083830e+00
1.082141e+00
1.079629e+00
1.077956e+00
1.075456e+00
1.073798e+00
1.071311e+00
1.069668e+00
1.067194e+00
1.065567e+00
1.063105e+00
1.061493e+00
1.059044e+00
1.057446e+00
1.055010e+00
1.053428e+00
1.051003e+00
1.049436e+00
1.047024e+00
1.045472e+00
1.043073e+00
1.041536e+00
1.039148e+00
1.037626e+00
1.035251e+00
1.033744e+00
1.031380e+00
1.029888e+00
1.027537e+00
1.026059e+00
1.023720e+00
1.022257e+00
1.019930e+00
1.018481e+00
1.016166e+00
1.014732e+00
1.012429e+00
1.011010e+00
1.008718e+00
1.007314e+00
1.005034e+00
1.003644e+00
1.001376e+00
Node Locations: 
3.437500e-03
6.250000e-03
9.687500e-03
1.250000e-02
1.593750e-02
1.875000e-02
2.218750e-02
2.500000e-02
2.843750e-02
3.125000e-02
3.468750e-02
3.750000e-02
4.093750e-02
4.375000e-02
4.718750e-02
5.000000e-02
5.343750e-02
5.625000e-02
5.968750e-02
6.250000e-02
6.593750e-02
6.875000e-02
7.218750e-02
7.500000e-02
7.843750e-02
8.125000e-02
8.468750e-02
8.750000e-02
9.093750e-02
9.375000e-02
9.718750e-02
1.000000e-01
1.034375e-01
1.062500e-01
1.096875e-01
1.125000e-01
1.159375e-01
1.187500e-01
1.221875e-01
1.250000e-01
1.284375e-01
1.312500e-01
1.346875e-01
1.375000e-01
1.409375e-01
1.437500e-01
1.471875e-01
1.500000e-01
1.534375e-01
1.562500e-01
1.596875e-01
1.625000e-01
1.659375e-01
1.687500e-01
1.721875e-01
1.750000e-01
1.784375e-01
1.812500e-01
1.846875e-01
1.875000e-01
1.909375e-01
1.937500e-01
1.971875e-01
2.000000e-01
2.034375e-01
2.062500e-01
2.096875e-01
2.125000e-01
2.159375e-01
2.187500e-01
2.221875e-01
2.250000e-01
2.284375e-01
2.312500e-01
2.346875e-01
2.375000e-01
2.409375e-01
2.437500e-01
2.471875e-01
2.500000e-01
2.534375e-01
2.562500e-01
2.596875e-01
2.625000e-01
2.659375e-01
2.687500e-01
2.721875e-01
2.750000e-01
2.784375e-01
2.812500e-01
2.846875e-01
2.875000e-01
2.909375e-01
2.937500e-01
2.971875e-01
3.000000e-01
3.034375e-01
3.062500e-01
3.096875e-01
3.125000e-01
3.159375e-01
3.187500e-01
3.221875e-01
3.250000e-01
3.284375e-01
3.312500e-01
3.346875e-01
3.375000e-01
3.409375e-01
3.437500e-01
3.471875e-01
3.500000e-01
3.534375e-01
3.562500e-01
3.596875e-01
3.625000e-01
3.659375e-01
3.687500e-01
3.721875e-01
3.750000e-01
3.784375e-01
3.812500e-01
3.846875e-01
3.875000e-01
3.909375e-01
3.937500e-01
3.971875e-01
4.000000e-01
4.034375e-01
4.062500e-01
4.096875e-01
4.125000e-01
4.159375e-01
4.187500e-01
4.221875e-01
4.250000e-01
4.284375e-01
4.312500e-01
4.346875e-01
4.375000e-01
4.409375e-01
4.437500e-01
4.471875e-01
4.500000e-01
4.534375e-01
4.562500e-01
4.596875e-01
4.625000e-01
4.659375e-01
4.687500e-01
4.721875e-01
4.750000e-01
4.784375e-01
4.812500e-01
4.846875e-01
4.875000e-01
4.909375e-01
4.937500e-01
4.971875e-01
5.000000e-01
5.034375e-01
5.062500e-01
5.096875e-01
5.125000e-01
5.159375e-01
5.187500e-01
5.221875e-01
5.250000e-01
5.284375e-01
5.312500e-01
5.346875e-01
5.375000e-01
5.409375e-01
5.437500e-01
5.471875e-01
5.500000e-01
5.534375e-01
5.562500e-01
5.596875e-01
5.625000e-01
5.659375e-01
5.687500e-01
5.721875e-01
5.750000e-01
5.784375e-01
5.812500e-01
5.846875e-01
5.875000e-01
5.909375e-01
5.937500e-01
5.971875e-01
6.000000e-01
6.034375e-01
6.062500e-01
6.096875e-01
6.125000e-01
6.159375e-01
6.187500e-01
6.221875e-01
6.250000e-01
6.284375e-01
6.312500e-01
6.346875e-01
6.375000e-01
6.409375e-01
6.437500e-01
6.471875e-01
6.500000e-01
6.534375e-01
6.562500e-01
6.596875e-01
6.625000e-01
6.659375e-01
6.687500e-01
6.721875e-01
6.750000e-01
6.784375e-01
6.812500e-01
6.846875e-01
6.875000e-01
6.909375e-01
6.937500e-01
6.971875e-01
7.000000e-01
7.034375e-01
7.062500e-01
7.096875e-01
7.125000e-01
7.159375e-01
7.187500e-01
7.221875e-01
7.250000e-01
7.284375e-01
7.312500e-01
7.346875e-01
7.375000e-01
7.409375e-01
7.437500e-01
7.471875e-01
7.500000e-01
7.534375e-01
7.562500e-01
7.596875e-01
7.625000e-01
7.659375e-01
7.687500e-01
7.721875e-01
7.750000e-01
7.784375e-01
7.812500e-01
7.846875e-01
7.875000e-01
7.909375e-01
7.937500e-01
7.971875e-01
8.000000e-01
8.034375e-01
8.062500e-01
8.096875e-01
8.125000e-01
8.159375e-01
8.187500e-01
8.221875e-01
8.250000e-01
8.284375e-01
8.312500e-01
8.346875e-01
8.375000e-01
8.409375e-01
8.437500e-01
8.471875e-01
8.500000e-01
8.534375e-01
8.562500e-01
8.596875e-01
8.625000e-01
8.659375e-01
8.687500e-01
8.721875e-01
8.750000e-01
8.784375e-01
8.812500e-01
8.846875e-01
8.875000e-01
8.909375e-01
8.937500e-01
8.971875e-01
9.000000e-01
9.034375e-01
9.062500e-01
9.096875e-01
9.125000e-01
9.159375e-01
9.187500e-01
9.221875e-01
9.250000e-01
9.284375e-01
9.312500e-01
9.346875e-01
9.375000e-01
9.409375e-01
9.437500e-01
9.471875e-01
9.500000e-01
9.534375e-01
9.562500e-01
9.596875e-01
9.625000e-01
9.659375e-01
9.687500e-01
9.721875e-01
9.750000e-01
9.784375e-01
9.812500e-01
9.846875e-01
9.875000e-01
9.909375e-01
9.937500e-01
9.971875e-01
L2 Error: 
2.006381e-01
1.385033e-01
9.681655e-02
6.807593e-02
4.800344e-02
3.389673e-02
L2 Order: 
0.000000e+00
5.346747e-01
5.165950e-01
5.081089e-01
5.040070e-01
5.019916e-01
Linf Error: 
1.847478e+00
1.922485e+00
1.960923e+00
1.980381e+00
1.990170e+00
1.995080e+00
Linf Order: 
0.000000e+00
-5.741483e-02
-2.856081e-02
-1.424508e-02
-7.113883e-03
-3.554798e-03
Energy Error: 
1.823982e+00
2.518242e+00
3.520602e+00
4.950977e+00
6.982319e+00
9.860868e+00
NRG Order: 
0.000000e+00
-4.653253e-01
-4.834050e-01
-4.918911e-01
-4.959930e-01
-4.980084e-01
