Error with 10 elements:
 1.189368e-01
 1.171675e-01
 2.233886e-01
 1.786969e-01
 1.544951e-01
 8.213587e-02
-1.413263e-02
-1.455564e-02
-1.082290e-01
Abs(Error) with 10 elements:
1.189368e-01
1.171675e-01
2.233886e-01
1.786969e-01
1.544951e-01
8.213587e-02
1.413263e-02
1.455564e-02
1.082290e-01
Node Locations: 
1.100000e-01
2.000000e-01
3.100000e-01
4.000000e-01
5.100000e-01
6.000000e-01
7.100000e-01
8.000000e-01
9.100000e-01
L2 Error: 
2.072428e-02
9.421318e-03
3.740229e-03
1.398561e-03
5.082905e-04
1.821839e-04
L2 Order: 
0.000000e+00
1.137321e+00
1.332802e+00
1.419184e+00
1.460218e+00
1.480258e+00
Linf Error: 
2.233886e-01
1.924613e-01
1.758183e-01
1.685136e-01
1.646495e-01
1.627100e-01
Linf Order: 
0.000000e+00
2.149867e-01
1.304836e-01
6.121959e-02
3.346738e-02
1.709545e-02
Energy Error: 
1.884026e-01
1.712967e-01
1.360083e-01
1.017135e-01
7.393317e-02
5.299896e-02
NRG Order: 
0.000000e+00
1.373214e-01
3.328023e-01
4.191837e-01
4.602177e-01
4.802578e-01
Error with 20 elements:
 5.139876e-02
 4.632884e-02
 1.128290e-01
 1.097234e-01
 1.696175e-01
 1.588648e-01
 1.924613e-01
 1.688776e-01
 1.677004e-01
 1.343979e-01
 1.039648e-01
 7.185028e-02
 2.709188e-02
 1.045979e-02
-3.395940e-02
-2.348998e-02
-6.345980e-02
-2.159379e-02
-6.958105e-02
Abs(Error) with 20 elements:
5.139876e-02
4.632884e-02
1.128290e-01
1.097234e-01
1.696175e-01
1.588648e-01
1.924613e-01
1.688776e-01
1.677004e-01
1.343979e-01
1.039648e-01
7.185028e-02
2.709188e-02
1.045979e-02
3.395940e-02
2.348998e-02
6.345980e-02
2.159379e-02
6.958105e-02
Node Locations: 
5.500000e-02
1.000000e-01
1.550000e-01
2.000000e-01
2.550000e-01
3.000000e-01
3.550000e-01
4.000000e-01
4.550000e-01
5.000000e-01
5.550000e-01
6.000000e-01
6.550000e-01
7.000000e-01
7.550000e-01
8.000000e-01
8.550000e-01
9.000000e-01
9.550000e-01
L2 Error: 
2.072428e-02
9.421318e-03
3.740229e-03
1.398561e-03
5.082905e-04
1.821839e-04
L2 Order: 
0.000000e+00
1.137321e+00
1.332802e+00
1.419184e+00
1.460218e+00
1.480258e+00
Linf Error: 
2.233886e-01
1.924613e-01
1.758183e-01
1.685136e-01
1.646495e-01
1.627100e-01
Linf Order: 
0.000000e+00
2.149867e-01
1.304836e-01
6.121959e-02
3.346738e-02
1.709545e-02
Energy Error: 
1.884026e-01
1.712967e-01
1.360083e-01
1.017135e-01
7.393317e-02
5.299896e-02
NRG Order: 
0.000000e+00
1.373214e-01
3.328023e-01
4.191837e-01
4.602177e-01
4.802578e-01
Error with 40 elements:
 2.317891e-02
 1.805742e-02
 4.694885e-02
 4.397771e-02
 7.640789e-02
 7.455914e-02
 1.077937e-01
 1.058116e-01
 1.369457e-01
 1.335807e-01
 1.599207e-01
 1.541482e-01
 1.735415e-01
 1.647408e-01
 1.758183e-01
 1.638918e-01
 1.661981e-01
 1.516187e-01
 1.456182e-01
 1.294017e-01
 1.163614e-01
 9.996942e-02
 8.173465e-02
 6.692103e-02
 4.561136e-02
 3.423205e-02
 1.189273e-02
 5.703988e-03
-1.604524e-02
-1.557473e-02
-3.585155e-02
-2.768927e-02
-4.658299e-02
-3.022083e-02
-4.891802e-02
-2.438508e-02
-4.516691e-02
-1.296010e-02
-3.906542e-02
Abs(Error) with 40 elements:
2.317891e-02
1.805742e-02
4.694885e-02
4.397771e-02
7.640789e-02
7.455914e-02
1.077937e-01
1.058116e-01
1.369457e-01
1.335807e-01
1.599207e-01
1.541482e-01
1.735415e-01
1.647408e-01
1.758183e-01
1.638918e-01
1.661981e-01
1.516187e-01
1.456182e-01
1.294017e-01
1.163614e-01
9.996942e-02
8.173465e-02
6.692103e-02
4.561136e-02
3.423205e-02
1.189273e-02
5.703988e-03
1.604524e-02
1.557473e-02
3.585155e-02
2.768927e-02
4.658299e-02
3.022083e-02
4.891802e-02
2.438508e-02
4.516691e-02
1.296010e-02
3.906542e-02
Node Locations: 
2.750000e-02
5.000000e-02
7.750000e-02
1.000000e-01
1.275000e-01
1.500000e-01
1.775000e-01
2.000000e-01
2.275000e-01
2.500000e-01
2.775000e-01
3.000000e-01
3.275000e-01
3.500000e-01
3.775000e-01
4.000000e-01
4.275000e-01
4.500000e-01
4.775000e-01
5.000000e-01
5.275000e-01
5.500000e-01
5.775000e-01
6.000000e-01
6.275000e-01
6.500000e-01
6.775000e-01
7.000000e-01
7.275000e-01
7.500000e-01
7.775000e-01
8.000000e-01
8.275000e-01
8.500000e-01
8.775000e-01
9.000000e-01
9.275000e-01
9.500000e-01
9.775000e-01
L2 Error: 
2.072428e-02
9.421318e-03
3.740229e-03
1.398561e-03
5.082905e-04
1.821839e-04
L2 Order: 
0.000000e+00
1.137321e+00
1.332802e+00
1.419184e+00
1.460218e+00
1.480258e+00
Linf Error: 
2.233886e-01
1.924613e-01
1.758183e-01
1.685136e-01
1.646495e-01
1.627100e-01
Linf Order: 
0.000000e+00
2.149867e-01
1.304836e-01
6.121959e-02
3.346738e-02
1.709545e-02
Energy Error: 
1.884026e-01
1.712967e-01
1.360083e-01
1.017135e-01
7.393317e-02
5.299896e-02
NRG Order: 
0.000000e+00
1.373214e-01
3.328023e-01
4.191837e-01
4.602177e-01
4.802578e-01
Error with 80 elements:
 1.090937e-02
 7.561611e-03
 2.008480e-02
 1.741564e-02
 3.134895e-02
 2.927983e-02
 4.436368e-02
 4.278531e-02
 5.871517e-02
 5.749411e-02
 7.393231e-02
 7.291805e-02
 8.950609e-02
 8.853848e-02
 1.049095e-01
 1.038262e-01
 1.196173e-01
 1.182609e-01
 1.331247e-01
 1.313501e-01
 1.449657e-01
 1.426456e-01
 1.547282e-01
 1.517597e-01
 1.620687e-01
 1.583769e-01
 1.667227e-01
 1.622653e-01
 1.685136e-01
 1.632826e-01
 1.673578e-01
 1.613815e-01
 1.632668e-01
 1.566095e-01
 1.563463e-01
 1.491075e-01
 1.467921e-01
 1.391043e-01
 1.348828e-01
 1.269082e-01
 1.209700e-01
 1.128963e-01
 1.054661e-01
 9.750166e-02
 8.882995e-02
 8.119799e-02
 7.155086e-02
 6.448358e-02
 5.413178e-02
 4.786388e-02
 3.707160e-02
 3.183393e-02
 2.084753e-02
 1.686082e-02
 5.898004e-03
 3.366983e-03
-7.393429e-03
-8.285391e-03
-1.871264e-02
-1.780813e-02
-2.782742e-02
-2.499869e-02
-3.459759e-02
-2.974920e-02
-3.898219e-02
-3.205252e-02
-4.104372e-02
-3.200518e-02
-4.094893e-02
-2.980695e-02
-3.896631e-02
-2.575696e-02
-3.546006e-02
-2.024639e-02
-3.088070e-02
-1.374790e-02
-2.575255e-02
-6.801893e-03
-2.065811e-02
Abs(Error) with 80 elements:
1.090937e-02
7.561611e-03
2.008480e-02
1.741564e-02
3.134895e-02
2.927983e-02
4.436368e-02
4.278531e-02
5.871517e-02
5.749411e-02
7.393231e-02
7.291805e-02
8.950609e-02
8.853848e-02
1.049095e-01
1.038262e-01
1.196173e-01
1.182609e-01
1.331247e-01
1.313501e-01
1.449657e-01
1.426456e-01
1.547282e-01
1.517597e-01
1.620687e-01
1.583769e-01
1.667227e-01
1.622653e-01
1.685136e-01
1.632826e-01
1.673578e-01
1.613815e-01
1.632668e-01
1.566095e-01
1.563463e-01
1.491075e-01
1.467921e-01
1.391043e-01
1.348828e-01
1.269082e-01
1.209700e-01
1.128963e-01
1.054661e-01
9.750166e-02
8.882995e-02
8.119799e-02
7.155086e-02
6.448358e-02
5.413178e-02
4.786388e-02
3.707160e-02
3.183393e-02
2.084753e-02
1.686082e-02
5.898004e-03
3.366983e-03
7.393429e-03
8.285391e-03
1.871264e-02
1.780813e-02
2.782742e-02
2.499869e-02
3.459759e-02
2.974920e-02
3.898219e-02
3.205252e-02
4.104372e-02
3.200518e-02
4.094893e-02
2.980695e-02
3.896631e-02
2.575696e-02
3.546006e-02
2.024639e-02
3.088070e-02
1.374790e-02
2.575255e-02
6.801893e-03
2.065811e-02
Node Locations: 
1.375000e-02
2.500000e-02
3.875000e-02
5.000000e-02
6.375000e-02
7.500000e-02
8.875000e-02
1.000000e-01
1.137500e-01
1.250000e-01
1.387500e-01
1.500000e-01
1.637500e-01
1.750000e-01
1.887500e-01
2.000000e-01
2.137500e-01
2.250000e-01
2.387500e-01
2.500000e-01
2.637500e-01
2.750000e-01
2.887500e-01
3.000000e-01
3.137500e-01
3.250000e-01
3.387500e-01
3.500000e-01
3.637500e-01
3.750000e-01
3.887500e-01
4.000000e-01
4.137500e-01
4.250000e-01
4.387500e-01
4.500000e-01
4.637500e-01
4.750000e-01
4.887500e-01
5.000000e-01
5.137500e-01
5.250000e-01
5.387500e-01
5.500000e-01
5.637500e-01
5.750000e-01
5.887500e-01
6.000000e-01
6.137500e-01
6.250000e-01
6.387500e-01
6.500000e-01
6.637500e-01
6.750000e-01
6.887500e-01
7.000000e-01
7.137500e-01
7.250000e-01
7.387500e-01
7.500000e-01
7.637500e-01
7.750000e-01
7.887500e-01
8.000000e-01
8.137500e-01
8.250000e-01
8.387500e-01
8.500000e-01
8.637500e-01
8.750000e-01
8.887500e-01
9.000000e-01
9.137500e-01
9.250000e-01
9.387500e-01
9.500000e-01
9.637500e-01
9.750000e-01
9.887500e-01
L2 Error: 
2.072428e-02
9.421318e-03
3.740229e-03
1.398561e-03
5.082905e-04
1.821839e-04
L2 Order: 
0.000000e+00
1.137321e+00
1.332802e+00
1.419184e+00
1.460218e+00
1.480258e+00
Linf Error: 
2.233886e-01
1.924613e-01
1.758183e-01
1.685136e-01
1.646495e-01
1.627100e-01
Linf Order: 
0.000000e+00
2.149867e-01
1.304836e-01
6.121959e-02
3.346738e-02
1.709545e-02
Energy Error: 
1.884026e-01
1.712967e-01
1.360083e-01
1.017135e-01
7.393317e-02
5.299896e-02
NRG Order: 
0.000000e+00
1.373214e-01
3.328023e-01
4.191837e-01
4.602177e-01
4.802578e-01
Error with 160 elements:
 5.279355e-03
 3.396079e-03
 9.097582e-03
 7.395313e-03
 1.349871e-02
 1.197183e-02
 1.845279e-02
 1.709334e-02
 2.392378e-02
 2.272160e-02
 2.987000e-02
 2.881291e-02
 3.624464e-02
 3.531870e-02
 4.299636e-02
 4.218600e-02
 5.006984e-02
 4.935813e-02
 5.740636e-02
 5.677522e-02
 6.494444e-02
 6.437485e-02
 7.262043e-02
 7.209270e-02
 8.036916e-02
 7.986313e-02
 8.812455e-02
 8.761985e-02
 9.582024e-02
 9.529649e-02
 1.033902e-01
 1.028273e-01
 1.107693e-01
 1.101475e-01
 1.178939e-01
 1.171943e-01
 1.247025e-01
 1.239069e-01
 1.311361e-01
 1.302276e-01
 1.371390e-01
 1.361017e-01
 1.426588e-01
 1.414785e-01
 1.476473e-01
 1.463112e-01
 1.520608e-01
 1.505579e-01
 1.558602e-01
 1.541814e-01
 1.590115e-01
 1.571497e-01
 1.614862e-01
 1.594363e-01
 1.632613e-01
 1.610204e-01
 1.643195e-01
 1.618870e-01
 1.646495e-01
 1.620269e-01
 1.642459e-01
 1.614371e-01
 1.631093e-01
 1.601204e-01
 1.612463e-01
 1.580856e-01
 1.586693e-01
 1.553474e-01
 1.553964e-01
 1.519261e-01
 1.514516e-01
 1.478478e-01
 1.468639e-01
 1.431434e-01
 1.416676e-01
 1.378492e-01
 1.359019e-01
 1.320062e-01
 1.296102e-01
 1.256594e-01
 1.228401e-01
 1.188580e-01
 1.156431e-01
 1.116548e-01
 1.080736e-01
 1.041053e-01
 1.001890e-01
 9.626800e-02
 9.204870e-02
 8.820316e-02
 8.371406e-02
 7.997273e-02
 7.524760e-02
 7.163965e-02
 6.671247e-02
 6.326733e-02
 5.817197e-02
 5.491909e-02
 4.968895e-02
 4.665762e-02
 4.132528e-02
 3.854444e-02
 3.314129e-02
 3.063929e-02
 2.519522e-02
 2.299969e-02
 1.754271e-02
 1.568034e-02
 1.023631e-02
 8.732671e-03
 3.324947e-03
 2.204345e-03
-3.146490e-03
-3.861186e-03
-9.137610e-03
-9.425101e-03
-1.461290e-02
-1.445359e-02
-1.954211e-02
-1.891821e-02
-2.390053e-02
-2.279619e-02
-2.766932e-02
-2.607066e-02
-3.083572e-02
-2.873092e-02
-3.339323e-02
-3.077258e-02
-3.534178e-02
-3.219769e-02
-3.668776e-02
-3.301477e-02
-3.744411e-02
-3.323890e-02
-3.763030e-02
-3.289159e-02
-3.727220e-02
-3.200077e-02
-3.640203e-02
-3.060058e-02
-3.505812e-02
-2.873121e-02
-3.328470e-02
-2.643864e-02
-3.113163e-02
-2.377431e-02
-2.865403e-02
-2.079478e-02
-2.591191e-02
-1.756135e-02
-2.296975e-02
-1.413955e-02
-1.989598e-02
-1.059871e-02
-1.676250e-02
-7.011358e-03
-1.364410e-02
-3.452709e-03
-1.061784e-02
Abs(Error) with 160 elements:
5.279355e-03
3.396079e-03
9.097582e-03
7.395313e-03
1.349871e-02
1.197183e-02
1.845279e-02
1.709334e-02
2.392378e-02
2.272160e-02
2.987000e-02
2.881291e-02
3.624464e-02
3.531870e-02
4.299636e-02
4.218600e-02
5.006984e-02
4.935813e-02
5.740636e-02
5.677522e-02
6.494444e-02
6.437485e-02
7.262043e-02
7.209270e-02
8.036916e-02
7.986313e-02
8.812455e-02
8.761985e-02
9.582024e-02
9.529649e-02
1.033902e-01
1.028273e-01
1.107693e-01
1.101475e-01
1.178939e-01
1.171943e-01
1.247025e-01
1.239069e-01
1.311361e-01
1.302276e-01
1.371390e-01
1.361017e-01
1.426588e-01
1.414785e-01
1.476473e-01
1.463112e-01
1.520608e-01
1.505579e-01
1.558602e-01
1.541814e-01
1.590115e-01
1.571497e-01
1.614862e-01
1.594363e-01
1.632613e-01
1.610204e-01
1.643195e-01
1.618870e-01
1.646495e-01
1.620269e-01
1.642459e-01
1.614371e-01
1.631093e-01
1.601204e-01
1.612463e-01
1.580856e-01
1.586693e-01
1.553474e-01
1.553964e-01
1.519261e-01
1.514516e-01
1.478478e-01
1.468639e-01
1.431434e-01
1.416676e-01
1.378492e-01
1.359019e-01
1.320062e-01
1.296102e-01
1.256594e-01
1.228401e-01
1.188580e-01
1.156431e-01
1.116548e-01
1.080736e-01
1.041053e-01
1.001890e-01
9.626800e-02
9.204870e-02
8.820316e-02
8.371406e-02
7.997273e-02
7.524760e-02
7.163965e-02
6.671247e-02
6.326733e-02
5.817197e-02
5.491909e-02
4.968895e-02
4.665762e-02
4.132528e-02
3.854444e-02
3.314129e-02
3.063929e-02
2.519522e-02
2.299969e-02
1.754271e-02
1.568034e-02
1.023631e-02
8.732671e-03
3.324947e-03
2.204345e-03
3.146490e-03
3.861186e-03
9.137610e-03
9.425101e-03
1.461290e-02
1.445359e-02
1.954211e-02
1.891821e-02
2.390053e-02
2.279619e-02
2.766932e-02
2.607066e-02
3.083572e-02
2.873092e-02
3.339323e-02
3.077258e-02
3.534178e-02
3.219769e-02
3.668776e-02
3.301477e-02
3.744411e-02
3.323890e-02
3.763030e-02
3.289159e-02
3.727220e-02
3.200077e-02
3.640203e-02
3.060058e-02
3.505812e-02
2.873121e-02
3.328470e-02
2.643864e-02
3.113163e-02
2.377431e-02
2.865403e-02
2.079478e-02
2.591191e-02
1.756135e-02
2.296975e-02
1.413955e-02
1.989598e-02
1.059871e-02
1.676250e-02
7.011358e-03
1.364410e-02
3.452709e-03
1.061784e-02
Node Locations: 
6.875000e-03
1.250000e-02
1.937500e-02
2.500000e-02
3.187500e-02
3.750000e-02
4.437500e-02
5.000000e-02
5.687500e-02
6.250000e-02
6.937500e-02
7.500000e-02
8.187500e-02
8.750000e-02
9.437500e-02
1.000000e-01
1.068750e-01
1.125000e-01
1.193750e-01
1.250000e-01
1.318750e-01
1.375000e-01
1.443750e-01
1.500000e-01
1.568750e-01
1.625000e-01
1.693750e-01
1.750000e-01
1.818750e-01
1.875000e-01
1.943750e-01
2.000000e-01
2.068750e-01
2.125000e-01
2.193750e-01
2.250000e-01
2.318750e-01
2.375000e-01
2.443750e-01
2.500000e-01
2.568750e-01
2.625000e-01
2.693750e-01
2.750000e-01
2.818750e-01
2.875000e-01
2.943750e-01
3.000000e-01
3.068750e-01
3.125000e-01
3.193750e-01
3.250000e-01
3.318750e-01
3.375000e-01
3.443750e-01
3.500000e-01
3.568750e-01
3.625000e-01
3.693750e-01
3.750000e-01
3.818750e-01
3.875000e-01
3.943750e-01
4.000000e-01
4.068750e-01
4.125000e-01
4.193750e-01
4.250000e-01
4.318750e-01
4.375000e-01
4.443750e-01
4.500000e-01
4.568750e-01
4.625000e-01
4.693750e-01
4.750000e-01
4.818750e-01
4.875000e-01
4.943750e-01
5.000000e-01
5.068750e-01
5.125000e-01
5.193750e-01
5.250000e-01
5.318750e-01
5.375000e-01
5.443750e-01
5.500000e-01
5.568750e-01
5.625000e-01
5.693750e-01
5.750000e-01
5.818750e-01
5.875000e-01
5.943750e-01
6.000000e-01
6.068750e-01
6.125000e-01
6.193750e-01
6.250000e-01
6.318750e-01
6.375000e-01
6.443750e-01
6.500000e-01
6.568750e-01
6.625000e-01
6.693750e-01
6.750000e-01
6.818750e-01
6.875000e-01
6.943750e-01
7.000000e-01
7.068750e-01
7.125000e-01
7.193750e-01
7.250000e-01
7.318750e-01
7.375000e-01
7.443750e-01
7.500000e-01
7.568750e-01
7.625000e-01
7.693750e-01
7.750000e-01
7.818750e-01
7.875000e-01
7.943750e-01
8.000000e-01
8.068750e-01
8.125000e-01
8.193750e-01
8.250000e-01
8.318750e-01
8.375000e-01
8.443750e-01
8.500000e-01
8.568750e-01
8.625000e-01
8.693750e-01
8.750000e-01
8.818750e-01
8.875000e-01
8.943750e-01
9.000000e-01
9.068750e-01
9.125000e-01
9.193750e-01
9.250000e-01
9.318750e-01
9.375000e-01
9.443750e-01
9.500000e-01
9.568750e-01
9.625000e-01
9.693750e-01
9.750000e-01
9.818750e-01
9.875000e-01
9.943750e-01
L2 Error: 
2.072428e-02
9.421318e-03
3.740229e-03
1.398561e-03
5.082905e-04
1.821839e-04
L2 Order: 
0.000000e+00
1.137321e+00
1.332802e+00
1.419184e+00
1.460218e+00
1.480258e+00
Linf Error: 
2.233886e-01
1.924613e-01
1.758183e-01
1.685136e-01
1.646495e-01
1.627100e-01
Linf Order: 
0.000000e+00
2.149867e-01
1.304836e-01
6.121959e-02
3.346738e-02
1.709545e-02
Energy Error: 
1.884026e-01
1.712967e-01
1.360083e-01
1.017135e-01
7.393317e-02
5.299896e-02
NRG Order: 
0.000000e+00
1.373214e-01
3.328023e-01
4.191837e-01
4.602177e-01
4.802578e-01
Error with 320 elements:
 2.595243e-03
 1.600028e-03
 4.302835e-03
 3.353842e-03
 6.162033e-03
 5.258853e-03
 8.169976e-03
 7.312040e-03
 1.032338e-02
 9.509968e-03
 1.261857e-02
 1.184880e-02
 1.505145e-02
 1.432431e-02
 1.761757e-02
 1.693191e-02
 2.031210e-02
 1.966663e-02
 2.312989e-02
 2.252318e-02
 2.606542e-02
 2.549594e-02
 2.911290e-02
 2.857899e-02
 3.226620e-02
 3.176610e-02
 3.551894e-02
 3.505079e-02
 3.886447e-02
 3.842631e-02
 4.229590e-02
 4.188568e-02
 4.580612e-02
 4.542171e-02
 4.938781e-02
 4.902700e-02
 5.303345e-02
 5.269397e-02
 5.673538e-02
 5.641489e-02
 6.048577e-02
 6.018189e-02
 6.427668e-02
 6.398698e-02
 6.810004e-02
 6.782205e-02
 7.194772e-02
 7.167893e-02
 7.581149e-02
 7.554939e-02
 7.968309e-02
 7.942512e-02
 8.355423e-02
 8.329785e-02
 8.741659e-02
 8.715924e-02
 9.126188e-02
 9.100102e-02
 9.508184e-02
 9.481492e-02
 9.886822e-02
 9.859273e-02
 1.026129e-01
 1.023263e-01
 1.063077e-01
 1.060077e-01
 1.099448e-01
 1.096288e-01
 1.135162e-01
 1.131819e-01
 1.170142e-01
 1.166593e-01
 1.204313e-01
 1.200535e-01
 1.237601e-01
 1.233572e-01
 1.269933e-01
 1.265632e-01
 1.301239e-01
 1.296646e-01
 1.331451e-01
 1.326546e-01
 1.360504e-01
 1.355268e-01
 1.388334e-01
 1.382749e-01
 1.414880e-01
 1.408930e-01
 1.440085e-01
 1.433753e-01
 1.463892e-01
 1.457165e-01
 1.486250e-01
 1.479114e-01
 1.507110e-01
 1.499551e-01
 1.526425e-01
 1.518433e-01
 1.544152e-01
 1.535717e-01
 1.560252e-01
 1.551365e-01
 1.574688e-01
 1.565342e-01
 1.587427e-01
 1.577616e-01
 1.598441e-01
 1.588159e-01
 1.607704e-01
 1.596948e-01
 1.615193e-01
 1.603961e-01
 1.620890e-01
 1.609181e-01
 1.624780e-01
 1.612596e-01
 1.626852e-01
 1.614195e-01
 1.627100e-01
 1.613972e-01
 1.625518e-01
 1.611926e-01
 1.622109e-01
 1.608058e-01
 1.616875e-01
 1.602373e-01
 1.609824e-01
 1.594881e-01
 1.600968e-01
 1.585594e-01
 1.590322e-01
 1.574529e-01
 1.577904e-01
 1.561705e-01
 1.563736e-01
 1.547147e-01
 1.547846e-01
 1.530882e-01
 1.530260e-01
 1.512940e-01
 1.511013e-01
 1.493355e-01
 1.490141e-01
 1.472164e-01
 1.467682e-01
 1.449409e-01
 1.443680e-01
 1.425132e-01
 1.418179e-01
 1.399381e-01
 1.391229e-01
 1.372204e-01
 1.362880e-01
 1.343656e-01
 1.333187e-01
 1.313790e-01
 1.302207e-01
 1.282664e-01
 1.269998e-01
 1.250339e-01
 1.236623e-01
 1.216878e-01
 1.202146e-01
 1.182345e-01
 1.166631e-01
 1.146807e-01
 1.130149e-01
 1.110332e-01
 1.092768e-01
 1.072992e-01
 1.054559e-01
 1.034859e-01
 1.015597e-01
 9.960051e-02
 9.759543e-02
 9.565067e-02
 9.357080e-02
 9.164395e-02
 8.949340e-02
 8.758804e-02
 8.537101e-02
 8.349073e-02
 8.121144e-02
 7.935987e-02
 7.702255e-02
 7.520336e-02
 7.281227e-02
 7.102913e-02
 6.858852e-02
 6.684511e-02
 6.435923e-02
 6.265923e-02
 6.013230e-02
 5.847942e-02
 5.591564e-02
 5.431354e-02
 5.171705e-02
 5.016942e-02
 4.754432e-02
 4.605478e-02
 4.340511e-02
 4.197729e-02
 3.930700e-02
 3.794449e-02
 3.525746e-02
 3.396380e-02
 3.126380e-02
 3.004249e-02
 2.733319e-02
 2.618769e-02
 2.347263e-02
 2.240635e-02
 1.968895e-02
 1.870521e-02
 1.598877e-02
 1.509083e-02
 1.237848e-02
 1.156954e-02
 8.864257e-03
 8.147444e-03
 5.452038e-03
 4.830381e-03
 2.147492e-03
 1.623936e-03
-1.043981e-03
-1.466580e-03
-4.117267e-03
-4.436152e-03
-7.067547e-03
-7.280060e-03
-9.890313e-03
-9.993902e-03
-1.258138e-02
-1.257360e-02
-1.513688e-02
-1.501540e-02
-1.755331e-02
-1.731592e-02
-1.982751e-02
-1.947210e-02
-2.195666e-02
-2.148126e-02
-2.393834e-02
-2.334109e-02
-2.577047e-02
-2.504966e-02
-2.745140e-02
-2.660542e-02
-2.897981e-02
-2.800720e-02
-3.035483e-02
-2.925424e-02
-3.157595e-02
-3.034617e-02
-3.264307e-02
-3.128303e-02
-3.355650e-02
-3.206527e-02
-3.431696e-02
-3.269372e-02
-3.492556e-02
-3.316964e-02
-3.538384e-02
-3.349469e-02
-3.569373e-02
-3.367094e-02
-3.585757e-02
-3.370087e-02
-3.587812e-02
-3.358735e-02
-3.575852e-02
-3.333365e-02
-3.550232e-02
-3.294346e-02
-3.511345e-02
-3.242082e-02
-3.459624e-02
-3.177018e-02
-3.395540e-02
-3.099637e-02
-3.319600e-02
-3.010457e-02
-3.232350e-02
-2.910035e-02
-3.134368e-02
-2.798962e-02
-3.026272e-02
-2.677861e-02
-2.908707e-02
-2.547392e-02
-2.782357e-02
-2.408245e-02
-2.647934e-02
-2.261140e-02
-2.506179e-02
-2.106829e-02
-2.357865e-02
-1.946091e-02
-2.203790e-02
-1.779731e-02
-2.044778e-02
-1.608579e-02
-1.881678e-02
-1.433490e-02
-1.715361e-02
-1.255341e-02
-1.546719e-02
-1.075027e-02
-1.376665e-02
-8.934649e-03
-1.206126e-02
-7.115849e-03
-1.036047e-02
-5.303339e-03
-8.673866e-03
-3.506712e-03
-7.011134e-03
-1.735669e-03
-5.382069e-03
Abs(Error) with 320 elements:
2.595243e-03
1.600028e-03
4.302835e-03
3.353842e-03
6.162033e-03
5.258853e-03
8.169976e-03
7.312040e-03
1.032338e-02
9.509968e-03
1.261857e-02
1.184880e-02
1.505145e-02
1.432431e-02
1.761757e-02
1.693191e-02
2.031210e-02
1.966663e-02
2.312989e-02
2.252318e-02
2.606542e-02
2.549594e-02
2.911290e-02
2.857899e-02
3.226620e-02
3.176610e-02
3.551894e-02
3.505079e-02
3.886447e-02
3.842631e-02
4.229590e-02
4.188568e-02
4.580612e-02
4.542171e-02
4.938781e-02
4.902700e-02
5.303345e-02
5.269397e-02
5.673538e-02
5.641489e-02
6.048577e-02
6.018189e-02
6.427668e-02
6.398698e-02
6.810004e-02
6.782205e-02
7.194772e-02
7.167893e-02
7.581149e-02
7.554939e-02
7.968309e-02
7.942512e-02
8.355423e-02
8.329785e-02
8.741659e-02
8.715924e-02
9.126188e-02
9.100102e-02
9.508184e-02
9.481492e-02
9.886822e-02
9.859273e-02
1.026129e-01
1.023263e-01
1.063077e-01
1.060077e-01
1.099448e-01
1.096288e-01
1.135162e-01
1.131819e-01
1.170142e-01
1.166593e-01
1.204313e-01
1.200535e-01
1.237601e-01
1.233572e-01
1.269933e-01
1.265632e-01
1.301239e-01
1.296646e-01
1.331451e-01
1.326546e-01
1.360504e-01
1.355268e-01
1.388334e-01
1.382749e-01
1.414880e-01
1.408930e-01
1.440085e-01
1.433753e-01
1.463892e-01
1.457165e-01
1.486250e-01
1.479114e-01
1.507110e-01
1.499551e-01
1.526425e-01
1.518433e-01
1.544152e-01
1.535717e-01
1.560252e-01
1.551365e-01
1.574688e-01
1.565342e-01
1.587427e-01
1.577616e-01
1.598441e-01
1.588159e-01
1.607704e-01
1.596948e-01
1.615193e-01
1.603961e-01
1.620890e-01
1.609181e-01
1.624780e-01
1.612596e-01
1.626852e-01
1.614195e-01
1.627100e-01
1.613972e-01
1.625518e-01
1.611926e-01
1.622109e-01
1.608058e-01
1.616875e-01
1.602373e-01
1.609824e-01
1.594881e-01
1.600968e-01
1.585594e-01
1.590322e-01
1.574529e-01
1.577904e-01
1.561705e-01
1.563736e-01
1.547147e-01
1.547846e-01
1.530882e-01
1.530260e-01
1.512940e-01
1.511013e-01
1.493355e-01
1.490141e-01
1.472164e-01
1.467682e-01
1.449409e-01
1.443680e-01
1.425132e-01
1.418179e-01
1.399381e-01
1.391229e-01
1.372204e-01
1.362880e-01
1.343656e-01
1.333187e-01
1.313790e-01
1.302207e-01
1.282664e-01
1.269998e-01
1.250339e-01
1.236623e-01
1.216878e-01
1.202146e-01
1.182345e-01
1.166631e-01
1.146807e-01
1.130149e-01
1.110332e-01
1.092768e-01
1.072992e-01
1.054559e-01
1.034859e-01
1.015597e-01
9.960051e-02
9.759543e-02
9.565067e-02
9.357080e-02
9.164395e-02
8.949340e-02
8.758804e-02
8.537101e-02
8.349073e-02
8.121144e-02
7.935987e-02
7.702255e-02
7.520336e-02
7.281227e-02
7.102913e-02
6.858852e-02
6.684511e-02
6.435923e-02
6.265923e-02
6.013230e-02
5.847942e-02
5.591564e-02
5.431354e-02
5.171705e-02
5.016942e-02
4.754432e-02
4.605478e-02
4.340511e-02
4.197729e-02
3.930700e-02
3.794449e-02
3.525746e-02
3.396380e-02
3.126380e-02
3.004249e-02
2.733319e-02
2.618769e-02
2.347263e-02
2.240635e-02
1.968895e-02
1.870521e-02
1.598877e-02
1.509083e-02
1.237848e-02
1.156954e-02
8.864257e-03
8.147444e-03
5.452038e-03
4.830381e-03
2.147492e-03
1.623936e-03
1.043981e-03
1.466580e-03
4.117267e-03
4.436152e-03
7.067547e-03
7.280060e-03
9.890313e-03
9.993902e-03
1.258138e-02
1.257360e-02
1.513688e-02
1.501540e-02
1.755331e-02
1.731592e-02
1.982751e-02
1.947210e-02
2.195666e-02
2.148126e-02
2.393834e-02
2.334109e-02
2.577047e-02
2.504966e-02
2.745140e-02
2.660542e-02
2.897981e-02
2.800720e-02
3.035483e-02
2.925424e-02
3.157595e-02
3.034617e-02
3.264307e-02
3.128303e-02
3.355650e-02
3.206527e-02
3.431696e-02
3.269372e-02
3.492556e-02
3.316964e-02
3.538384e-02
3.349469e-02
3.569373e-02
3.367094e-02
3.585757e-02
3.370087e-02
3.587812e-02
3.358735e-02
3.575852e-02
3.333365e-02
3.550232e-02
3.294346e-02
3.511345e-02
3.242082e-02
3.459624e-02
3.177018e-02
3.395540e-02
3.099637e-02
3.319600e-02
3.010457e-02
3.232350e-02
2.910035e-02
3.134368e-02
2.798962e-02
3.026272e-02
2.677861e-02
2.908707e-02
2.547392e-02
2.782357e-02
2.408245e-02
2.647934e-02
2.261140e-02
2.506179e-02
2.106829e-02
2.357865e-02
1.946091e-02
2.203790e-02
1.779731e-02
2.044778e-02
1.608579e-02
1.881678e-02
1.433490e-02
1.715361e-02
1.255341e-02
1.546719e-02
1.075027e-02
1.376665e-02
8.934649e-03
1.206126e-02
7.115849e-03
1.036047e-02
5.303339e-03
8.673866e-03
3.506712e-03
7.011134e-03
1.735669e-03
5.382069e-03
Node Locations: 
3.437500e-03
6.250000e-03
9.687500e-03
1.250000e-02
1.593750e-02
1.875000e-02
2.218750e-02
2.500000e-02
2.843750e-02
3.125000e-02
3.468750e-02
3.750000e-02
4.093750e-02
4.375000e-02
4.718750e-02
5.000000e-02
5.343750e-02
5.625000e-02
5.968750e-02
6.250000e-02
6.593750e-02
6.875000e-02
7.218750e-02
7.500000e-02
7.843750e-02
8.125000e-02
8.468750e-02
8.750000e-02
9.093750e-02
9.375000e-02
9.718750e-02
1.000000e-01
1.034375e-01
1.062500e-01
1.096875e-01
1.125000e-01
1.159375e-01
1.187500e-01
1.221875e-01
1.250000e-01
1.284375e-01
1.312500e-01
1.346875e-01
1.375000e-01
1.409375e-01
1.437500e-01
1.471875e-01
1.500000e-01
1.534375e-01
1.562500e-01
1.596875e-01
1.625000e-01
1.659375e-01
1.687500e-01
1.721875e-01
1.750000e-01
1.784375e-01
1.812500e-01
1.846875e-01
1.875000e-01
1.909375e-01
1.937500e-01
1.971875e-01
2.000000e-01
2.034375e-01
2.062500e-01
2.096875e-01
2.125000e-01
2.159375e-01
2.187500e-01
2.221875e-01
2.250000e-01
2.284375e-01
2.312500e-01
2.346875e-01
2.375000e-01
2.409375e-01
2.437500e-01
2.471875e-01
2.500000e-01
2.534375e-01
2.562500e-01
2.596875e-01
2.625000e-01
2.659375e-01
2.687500e-01
2.721875e-01
2.750000e-01
2.784375e-01
2.812500e-01
2.846875e-01
2.875000e-01
2.909375e-01
2.937500e-01
2.971875e-01
3.000000e-01
3.034375e-01
3.062500e-01
3.096875e-01
3.125000e-01
3.159375e-01
3.187500e-01
3.221875e-01
3.250000e-01
3.284375e-01
3.312500e-01
3.346875e-01
3.375000e-01
3.409375e-01
3.437500e-01
3.471875e-01
3.500000e-01
3.534375e-01
3.562500e-01
3.596875e-01
3.625000e-01
3.659375e-01
3.687500e-01
3.721875e-01
3.750000e-01
3.784375e-01
3.812500e-01
3.846875e-01
3.875000e-01
3.909375e-01
3.937500e-01
3.971875e-01
4.000000e-01
4.034375e-01
4.062500e-01
4.096875e-01
4.125000e-01
4.159375e-01
4.187500e-01
4.221875e-01
4.250000e-01
4.284375e-01
4.312500e-01
4.346875e-01
4.375000e-01
4.409375e-01
4.437500e-01
4.471875e-01
4.500000e-01
4.534375e-01
4.562500e-01
4.596875e-01
4.625000e-01
4.659375e-01
4.687500e-01
4.721875e-01
4.750000e-01
4.784375e-01
4.812500e-01
4.846875e-01
4.875000e-01
4.909375e-01
4.937500e-01
4.971875e-01
5.000000e-01
5.034375e-01
5.062500e-01
5.096875e-01
5.125000e-01
5.159375e-01
5.187500e-01
5.221875e-01
5.250000e-01
5.284375e-01
5.312500e-01
5.346875e-01
5.375000e-01
5.409375e-01
5.437500e-01
5.471875e-01
5.500000e-01
5.534375e-01
5.562500e-01
5.596875e-01
5.625000e-01
5.659375e-01
5.687500e-01
5.721875e-01
5.750000e-01
5.784375e-01
5.812500e-01
5.846875e-01
5.875000e-01
5.909375e-01
5.937500e-01
5.971875e-01
6.000000e-01
6.034375e-01
6.062500e-01
6.096875e-01
6.125000e-01
6.159375e-01
6.187500e-01
6.221875e-01
6.250000e-01
6.284375e-01
6.312500e-01
6.346875e-01
6.375000e-01
6.409375e-01
6.437500e-01
6.471875e-01
6.500000e-01
6.534375e-01
6.562500e-01
6.596875e-01
6.625000e-01
6.659375e-01
6.687500e-01
6.721875e-01
6.750000e-01
6.784375e-01
6.812500e-01
6.846875e-01
6.875000e-01
6.909375e-01
6.937500e-01
6.971875e-01
7.000000e-01
7.034375e-01
7.062500e-01
7.096875e-01
7.125000e-01
7.159375e-01
7.187500e-01
7.221875e-01
7.250000e-01
7.284375e-01
7.312500e-01
7.346875e-01
7.375000e-01
7.409375e-01
7.437500e-01
7.471875e-01
7.500000e-01
7.534375e-01
7.562500e-01
7.596875e-01
7.625000e-01
7.659375e-01
7.687500e-01
7.721875e-01
7.750000e-01
7.784375e-01
7.812500e-01
7.846875e-01
7.875000e-01
7.909375e-01
7.937500e-01
7.971875e-01
8.000000e-01
8.034375e-01
8.062500e-01
8.096875e-01
8.125000e-01
8.159375e-01
8.187500e-01
8.221875e-01
8.250000e-01
8.284375e-01
8.312500e-01
8.346875e-01
8.375000e-01
8.409375e-01
8.437500e-01
8.471875e-01
8.500000e-01
8.534375e-01
8.562500e-01
8.596875e-01
8.625000e-01
8.659375e-01
8.687500e-01
8.721875e-01
8.750000e-01
8.784375e-01
8.812500e-01
8.846875e-01
8.875000e-01
8.909375e-01
8.937500e-01
8.971875e-01
9.000000e-01
9.034375e-01
9.062500e-01
9.096875e-01
9.125000e-01
9.159375e-01
9.187500e-01
9.221875e-01
9.250000e-01
9.284375e-01
9.312500e-01
9.346875e-01
9.375000e-01
9.409375e-01
9.437500e-01
9.471875e-01
9.500000e-01
9.534375e-01
9.562500e-01
9.596875e-01
9.625000e-01
9.659375e-01
9.687500e-01
9.721875e-01
9.750000e-01
9.784375e-01
9.812500e-01
9.846875e-01
9.875000e-01
9.909375e-01
9.937500e-01
9.971875e-01
L2 Error: 
2.072428e-02
9.421318e-03
3.740229e-03
1.398561e-03
5.082905e-04
1.821839e-04
L2 Order: 
0.000000e+00
1.137321e+00
1.332802e+00
1.419184e+00
1.460218e+00
1.480258e+00
Linf Error: 
2.233886e-01
1.924613e-01
1.758183e-01
1.685136e-01
1.646495e-01
1.627100e-01
Linf Order: 
0.000000e+00
2.149867e-01
1.304836e-01
6.121959e-02
3.346738e-02
1.709545e-02
Energy Error: 
1.884026e-01
1.712967e-01
1.360083e-01
1.017135e-01
7.393317e-02
5.299896e-02
NRG Order: 
0.000000e+00
1.373214e-01
3.328023e-01
4.191837e-01
4.602177e-01
4.802578e-01
