Coordinates of New nodes:
X 	Y 	Z
0	0	0	
1.33333	0	0	
2.66667	0	0	
4	0	0	
5.33333	0	0	
6.66667	0	0	
8	0	0	
0	2	0	
1.33333	2	0	
2.66667	2	0	
4	2	0	
5.33333	2	0	
6.66667	2	0	
8	2	0	
0	4	0	
1.33333	4	0	
2.66667	4	0	
4	4	0	
5.33333	4	0	
6.66667	4	0	
8	4	0	
0	6	0	
1.33333	6	0	
2.66667	6	0	
4	6	0	
5.33333	6	0	
6.66667	6	0	
8	6	0	
0	8	0	
1.33333	8	0	
2.66667	8	0	
4	8	0	
5.33333	8	0	
6.66667	8	0	
8	8	0	

List of Elements and Vertex Members
Element Number:	Verteces on Element:
0		0	1	8	7	
1		1	2	9	8	
2		2	3	10	9	
3		3	4	11	10	
4		4	5	12	11	
5		5	6	13	12	
6		7	8	15	14	
7		8	9	16	15	
8		9	10	17	16	
9		10	11	18	17	
10		11	12	19	18	
11		12	13	20	19	
12		14	15	22	21	
13		15	16	23	22	
14		16	17	24	23	
15		17	18	25	24	
16		18	19	26	25	
17		19	20	27	26	
18		21	22	29	28	
19		22	23	30	29	
20		23	24	31	30	
21		24	25	32	31	
22		25	26	33	32	
23		26	27	34	33	
